-36283.4149326
-31412.9403509
-15176.8280889
-26261.2217651
-21209.7681187
-43549.810212
-16199.9815111
-16124.0428675
-16043.2790098
-17234.001733
-7027.62363226
-21067.7481211
-19312.8547348
-11145.5237416
-26261.0843538
-21161.9105248
-15102.5504481
-13108.1764491
-18218.9496305
-12093.8549034
-22243.6016672
-8027.03866976
-29240.6614348
-16109.6503803
-14218.0897309
-15131.7596393
-15106.9342279
-12150.0405073
-44475.1712643
-15160.638808
-9118.52833213
-19248.4184363
-10102.0947673
-21097.8048398
-33352.261493
-16195.4024973
-30347.5890875
-21214.5601608
-30357.8658349
-28333.7982173
-17203.426104
-19082.2633149
-32321.1556574
-20223.9446652
-19194.3066116
-18110.2758171
-19106.9958769
-12169.4085297
-22310.8725929
-17302.8405725
-15185.4147264
-22360.486405
-26258.180954
-19203.890672
-28231.1643027
-12170.671746
-27184.3371107
-28182.0042696
-14127.6507063
-26286.2934442
-13151.6406676
-9090.67307471
-30333.9771048
-34351.054497
-13162.7827696
-26159.5719846
-11106.7758699
-8051.20365456
-12130.2201036
-9160.79167691
-24320.3574777
-9173.41636197
-17184.238388
-10073.8731838
-9104.00438838
-17209.487786
-11108.6988772
-7061.26845627
-8131.78649381
-14123.0106848
-26326.2832854
-14132.3671847
-15153.1583816
-15079.9704258
-18271.0127961
-26179.5119889
-18264.5694673
-19207.0656144
-9067.37037736
-15069.9367042
-11105.2646923
-20025.6236323
-23134.691227
-18121.2742897
-18253.3683043
-13060.4289709
-26201.0705739
-20135.6956354
-19214.4256469
-23337.1595129
-17163.8686432
-18100.1661325
-16185.7992971
-18248.8315853
-24330.7138976
-15189.1786472
-27173.7298292
-14166.6654123
-24185.7688631
-24274.437835
-19231.6091659
-21223.9788514
-23146.8183639
-7069.61391956
-10111.6045423
-9113.9987675
-31252.0975966
-17231.9876519
-13224.4508375
-28407.6426898
-13146.4655466
-20122.1417821
-14111.3124689
-34373.2962416
-20318.5077079
-15074.8411428
-11090.9480419
-21183.0311898
-8093.9073999
-17269.5623754
-10057.3997682
-26139.7350645
-18138.420934
-15200.4509887
-10185.7967378
-10079.8713664
-17260.742304
-24336.5148965
-11095.8615619
-4077.99922721
-12161.661485
-8174.46558974
-21246.9063681
-32317.3984264
-15129.6010669
-10183.7725328
-22276.5107097
-13186.3627919
-5042.93549153
-23181.8006138
-10050.7011819
-19158.000515
-15052.0385604
-12148.3604969
-10156.560689
-11127.7829428
-13085.2694648
-27165.1669312
-24202.6710647
-28322.7567745
-11105.1352961
-59204.6598721
-10083.6845023
-38371.3372238
-14165.3420474
-9103.66173931
-37343.0745527
-33434.6443762
-15096.0531425
-14096.9495697
-32280.8897938
-16145.3346045
-32232.2539311
-14164.6654123
-22244.5277469
-13181.7514836
-24201.1614469
-34484.4709772
-15242.8553094
-23140.0477844
-25276.2757771
-36311.7651721
-17255.8190784
-5027.62363226
-6084.70242419
-11095.4465244
-18270.9359766
-14138.6232239
-31197.6477789
-12126.5836862
-27240.7832059
-11096.4285339
-17200.9076043
-25162.3918462
-25282.7625394
-20292.3079241
-18236.3809592
-18241.9380609
-7138.26079387
-13148.9659897
-57372.7887798
-17193.7172223
-27176.0808864
-46330.7708429
-24376.1605692
-24192.531144
-24334.5934024
-15133.619518
-20278.3952912
-23360.5260165
-18197.2477735
-42293.9128443
-17087.127144
-38363.524247
-25368.4364658
-20147.5253581
-69501.8345748
-14144.8328733
-18226.2848762
-9082.6665118
-17221.1557093
-9032.58637274
-5059.72991676
-10063.463204
-9080.34098405
-13192.3507571
-9120.14444258
-20206.8963578
-24375.1084176
-21249.8762253
-33263.5987482
-40318.6694935
-25140.9280785
-52602.172338
-20323.6533182
-31292.0176122
-13280.8326196
-14202.6780024
-26230.2005901
-36259.3633929
-13093.5270431
-29325.3903509
-12195.4608172
-16342.0929312
-15148.5932303
-11173.5081399
-17170.3311654
-20102.1218283
-20193.2578318
-19242.1801684
-28154.2482138
-26376.9074055
-26188.1341666
-29177.5329285
-13149.4206253
-8159.53442653
-4027.62363226
-29186.01757
-21168.3201535
-23241.3520285
-18283.2272464
-27213.6752982
-7160.71535341
-10154.8508542
-21137.1172278
-4087.26065581
-16126.3210578
-15079.6845023
-5101.35874078
-47423.8580107
-32506.5833241
-14202.3314129
-36503.9831449
-20385.6022855
-35397.691522
-50555.2288787
-29284.909687
-6076.33282684
-20188.073948
-21218.4703603
-21245.093098
-17219.6336524
-31291.1711862
-12098.5964539
-26238.1097252
-30307.0519525
-13105.1827751
-26136.4765569
-9098.27561149
-16295.3236972
-10088.1066744
-13174.4910684
-13178.3761031
-20246.4866885
-31461.1962787
-19193.9184804
-17178.805272
-16206.8864948
-9111.68911536
-13163.577614
-19247.4143226
-27251.7086489
-11118.9169216
-17177.82427
-15140.6817878
-23289.4865143
-39396.3426778
-22199.0282709
-12127.7568004
-20205.1995546
-6087.91818721
-17301.5648564
-19256.1508165
-22195.2340655
-18105.1341958
-16119.8676024
-33428.1963717
-24094.8891395
-15246.7741369
-22186.8307503
-5108.75838365
-17228.186195
-24205.1404476
-27226.8530547
-18108.5136035
-23276.7425918
-9073.96799112
-8080.68223664
-36251.0367032
-30359.3331563
-28286.6630994
-25252.0410202
-24242.0849738
-5087.76315615
-18236.6893407
-34247.0783279
-30199.2104431
-31199.5916331
-8109.75838365
-9073.96799112
-7099.67746415
-26146.5627613
-4107.75838365
-29327.7540822
-23193.1734941
-29241.1035403
-30275.6790193
-25281.0927375
-22135.6273818
-13046.2903023
-27161.9610994
-11188.4350944
-9073.96799112
-8080.68223664
-26379.8433342
-16242.9892074
-19198.244043
-16158.2021473
-15181.7352288
-8162.39631535
-27238.184522
-25312.134809
-14125.2599198
-9051.28839534
-28472.2598291
-22138.3530983
-14150.2088924
-23249.0882783
-17100.14239
-14241.683914
-20040.0150446
-8061.22176985
-9070.69640937
-13134.5754473
-12155.9519535
-12179.6025379
-20246.3673456
-41430.6714804
-5027.62363226
-16167.4772613
-14130.8724943
-12108.0654178
-19266.881313
-19227.3231624
-17145.7745867
-6073.09424345
-33415.1372086
-40401.8769276
-43369.2274482
-27217.7711965
-12119.7269596
-13126.5733997
-25165.1787302
-22192.6418074
-22156.3634903
-9164.99176315
-18220.8988064
-14187.2503342
-16348.2085896
-27271.7943223
-9125.58593713
-14182.8897141
-11139.2057439
-12123.4636897
-12133.9449586
-9096.62196604
-23404.7947954
-13086.8542596
-21154.6165128
-18246.4848401
-9210.24735046
-21139.9611353
-15070.6140873
-19161.7827696
-30341.0448154
-21267.849087
-31433.171328
-25323.1910155
-17159.0738204
-22205.3248778
-23358.6861429
-32539.2103941
-14156.8043482
-46573.3882125
-27297.2217611
-48439.3547805
-27299.2924278
-25216.1826843
-22223.5678189
-20251.6697786
-18243.9649412
-17228.286054
-32169.513812
-30423.4998054
-25158.1390252
-17143.2006728
-31152.2158313
-12177.7706635
-20199.6307423
-24192.9698497
-24207.6397844
-12131.6133384
-15230.1258552
-20278.7749702
-6104.5210973
-18277.2283051
-11086.8897996
-20169.1306255
-15165.2962128
-9007.62840475
-21246.9638898
-24376.8374426
-21196.1998792
-27133.8969109
-10068.3164071
-7046.61885977
-12141.2024119
-22127.5178526
-29316.7427311
-20135.6160906
-7027.03866976
-8135.02822109
-7052.71483215
-11136.9493099
-3099.6697457
-13197.8340432
-18193.4650282
-15113.2466353
-13086.8354996
-7092.93516441
-27281.9977207
-6044.44666913
-23116.9265334
-22123.342382
-12198.9011239
-19272.125249
-15112.2489529
-10062.8625729
-20136.5900907
-15105.2109192
-23223.1135928
-8081.29644316
-14043.2790098
-15134.0133054
-13192.6653029
-27266.3466628
-7113.93039192
-36450.7869517
-15122.7154316
-17191.7038598
-6127.6289395
-8095.2803924
-6040.17869719
-10152.1773826
-23223.5074919
-9184.66087895
-8086.56218615
-13100.5964539
-18297.8004363
-31424.4732543
-9062.68927477
-15090.1203247
-13222.5304302
-32325.7697214
-17109.9342566
-13100.4765817
-34272.6983271
-9167.92842876
-19253.4333829
-12178.9515903
-12142.4084844
-11104.1486098
-5060.76062633
-8068.61408728
-8018.62927882
-27300.5809773
-16268.5208984
-27246.5574944
-30298.4232674
-30240.5336706
-14205.4972348
-9139.6544453
-12162.6628723
-17159.5667463
-11097.9506724
-13194.7043357
-18186.7924098
-27263.0985869
-27351.9802513
-20242.7911223
-20155.21549
-12106.8496548
-17161.1327923
-7036.91317422
-12171.5113183
-15165.8745459
-7131.70662559
-16328.3363226
-32451.9757627
-12092.6916369
-6062.24109435
-21155.0681889
-7082.81584924
-7100.27783582
-21238.2074421
-17129.1585299
-11259.2383021
-16175.1755922
-25180.0183445
-5035.04805533
-18209.0913507
-7041.86397227
-20113.1899097
-14083.7999527
-34279.4889304
-3022.97977607
-9063.61408728
-3037.09123435
-22190.7229664
-11111.7401576
-7052.28614436
-17143.2177094
-9058.31487926
-12054.5895103
-19086.3626646
-16126.4106542
-17195.9054495
-15033.0093203
-17156.3247485
-7069.8298503
-22182.5561849
-13127.5574581
-6076.11285102
-9065.85919977
-18166.2007742
-8102.96510524
-13179.1458529
-8114.32335063
-25245.2106887
-21195.0162764
-13100.3005462
-13093.7167352
-13063.9821639
-10078.3852956
-8043.27900976
-34273.2093148
-20208.135345
-16202.0193764
-16179.5217082
-10123.5742497
-24221.9090445
-14081.4219474
-50550.3688289
-35291.2761422
-23312.6728854
-14208.0842694
-11015.0505769
-13276.1179649
-29213.2349885
-12282.1928445
-15204.1457882
-16141.9210789
-9028.62363226
-26397.5652135
-17088.9775604
-8044.61885977
-6097.18532824
-9079.78961595
-32504.0577967
-19153.967462
-22193.5279869
-16224.8537351
-26214.8197035
-43454.3900591
-30355.6352161
-44662.4052896
-17132.5234594
-11159.6250348
-24108.9726202
-4007.62840475
-23326.6269805
-20091.6565116
-11166.4116633
-15137.7453723
-13127.4118543
-18109.0195798
-30221.3977262
-19076.1416719
-10076.211701
-10103.6797298
-21279.0990397
-9074.9997753
-8045.84793403
-26139.5750625
-12127.9652067
-13108.6716447
-10091.9711322
-16167.9531235
-29207.119226
-17151.0669976
-16212.5573131
-5062.7588872
-7081.42525533
-11049.6186921
-17159.1907768
-16145.0963471
-12165.9454115
-26343.0476327
-16073.7658541
-7092.74732921
-14064.7588872
-22290.2296873
-21185.7311365
-14225.4952304
-11013.5990553
-13211.6460415
-28200.8062869
-5059.0397804
-15158.4369388
-26337.0740793
-8091.27433374
-9090.24011531
-11062.8782415
-17082.9993035
-22278.0753146
-14142.2473963
-12199.5701445
-12119.047306
-4058.12252352
-6023.86874476
-17148.7581926
-16093.7368346
-14122.7464766
-13074.3852943
-11171.1118042
-14117.5465227
-25228.0493963
-12034.5942828
-8049.61885977
-10117.9178042
-24266.2595657
-21304.2194739
-11165.0220613
-15300.6440738
-21193.866021
-12108.5632671
-8051.91174885
-16104.1198656
-15184.6152067
-11125.7119863
-19209.4692331
-10156.9256847
-8054.10068789
-12179.9874342
-4115.03223105
-21250.7085512
-9078.02153727
-21210.9841177
-5057.93438727
-12082.1861889
-16163.3831308
-21169.1477923
-17164.1787964
-14130.3366165
-9117.46840828
-18188.0500955
-18177.7714976
-18138.3416273
-15157.8004525
-18251.148636
-9250.2957204
-16202.7761704
-8164.76575883
-7085.28186175
-13093.4100403
-25316.9494876
-9101.50563231
-17219.2855301
-12103.7951802
-13130.6293841
-57539.8192138
-17119.5455066
-19146.5455497
-28312.5163496
-18197.4705832
-23165.5872421
-16152.1863626
-17079.5690251
-20182.9784761
-14224.0916091
-46418.3816312
-31390.8128157
-20253.3304171
-17289.6995907
-19173.2143959
-10078.3854633
-14165.3619263
-15132.814579
-15161.0259753
-8073.89912731
-20192.7881597
-11064.9296964
-27275.2927857
-12115.8277504
-21213.4820264
-10079.5145773
-14199.9575366
-17266.9576147
-14130.4936047
-26258.0069292
-23361.2402318
-16152.3146533
-20312.0301204
-12110.6045423
-25277.1801445
-34388.8652565
-49350.6870666
-26227.6179158
-33331.1226611
-27236.1303975
-40262.214994
-36272.8793111
-30240.9124345
-7168.38599015
-26296.8222782
-13138.1944514
-17126.8448823
-14137.1097806
-12090.4463366
-6164.73939229
-8134.8904162
-10150.7057252
-8189.16763797
-10139.7840072
-18176.6244662
-21304.352164
-29368.1227152
-12141.3416273
-10204.1842944
-28305.2321363
-11235.4446429
-6100.25748912
-18338.3146153
-29252.4163748
-47420.5457968
-15151.2716359
-36465.187424
-16162.496303
-23253.6346008
-12124.1604915
-9089.46180574
-24207.7128301
-25273.5347221
-10154.3654828
-15150.1991579
-19139.5005716
-15214.212296
-11105.4662318
-10103.3253461
-13154.6305275
-11097.2878919
-32376.224298
-17263.0566365
-20354.1699092
-19160.9105248
-12105.3184272
-10139.3669731
-9117.59542554
-16112.1019019
-30159.5075514
-21070.3427724
-23188.9216377
-13096.5504468
-16166.7009425
-17169.8087782
-18174.5150907
-6036.04941418
-18154.238281
-14208.4232822
-14174.7879649
-15251.1048695
-9082.26946478
-14161.3525834
-19239.2121448
-13206.3581871
-16072.2628097
-6103.30533427
-12200.3160173
-7099.7584275
-12126.4298448
-9123.00755069
-6043.00744221
-27148.1881829
-10087.2169974
-20225.6113103
-14188.6606398
-5054.4091186
-13159.5653124
-16251.6337719
-8049.35766363
-17157.2622819
-16164.8263787
-10043.8491604
-9105.06877334
-21178.4041631
-26341.3699444
-20241.9892074
-17193.2160851
-13139.1593972
-50555.0490572
-20135.1082542
-10215.6265179
-8116.64951009
-5007.62840475
-7133.4480039
-7126.97081809
-19194.971505
-9115.19804198
-11125.712036
-11081.2694648
-10138.6792414
-27229.2089166
-14146.6233929
-23279.836228
-27309.7071613
-16203.2683646
-14222.9288993
-12218.1830824
-27215.4772874
-12067.4441623
-13137.9422757
-31299.0556047
-23114.5890834
-14182.9946877
-28236.2535306
-7044.71196917
-26261.8384331
-15126.9422365
-23150.215321
-23274.4236793
-14113.4971077
-21135.8118188
-4036.73023669
-32211.2910326
-15155.7433801
-19200.7308871
-30234.1778261
-25207.9896227
-15265.3817793
-55567.5019207
-26302.7331272
-21338.0502098
-23325.7211796
-26312.1570196
-19153.3957228
-21279.3977581
-17225.9008704
-33297.7364135
-21188.7147723
-20217.4272434
-41179.0883724
-21244.5766831
-16194.0508232
-27159.2255837
-22175.934148
-23223.0562034
-41304.5247283
-9097.4285339
-16195.3751666
-9120.96574708
-28132.2138329
-17286.4848849
-9050.20365456
-34310.4259333
-19346.1408667
-15159.3660649
-9103.09476729
-17059.9751983
-25191.7932372
-16085.8544273
-23313.9534304
-18045.2641979
-16127.7491082
-11114.7907868
-21132.2257792
-16207.3776672
-23264.9689362
-10087.4213993
-20291.0458938
-23348.5985205
-14180.393227
-10076.4848299
-9061.31487926
-11192.0110283
-20243.6266373
-11203.9096984
-11159.2532852
-18164.1603018
-17203.8582499
-15226.251563
-31317.17647
-13154.7045953
-13155.9332449
-22232.4811775
-19249.2882463
-17143.6640349
-24239.8551346
-17102.3445429
-4058.48223031
-16145.7273153
-18218.8785508
-27241.0844845
-18196.3618553
-26257.7720971
-25354.5079547
-12119.8158851
-10104.5474151
-19212.7579573
-13128.5760669
-13194.0632544
-12082.2425875
-24303.0638414
-20182.9714926
-12163.9815594
-10123.4488865
-29298.3946661
-12128.5836862
-9155.45563531
-19131.9981529
-5095.85458062
-11176.754869
-21231.6280777
-5113.02045272
-13133.3725383
-14117.8367939
-14217.6976679
-17204.2535662
-14271.2041682
-6109.70823406
-10085.4059178
-17143.9962022
-16362.9167626
-6056.04103187
-21167.1600216
-7092.17628681
-27341.2699628
-11120.5084148
-22292.1543106
-12058.5372717
-27202.0827423
-16126.4298448
-23287.4428884
-24288.3319093
-43348.0383562
-38330.663283
-29488.0212314
-33348.6843309
-12139.3565378
-29338.7579298
-13223.2327549
-26285.1485814
-12238.3169879
-43400.8730575
-32257.1198505
-20149.3971254
-21268.6608364
-15110.9432694
-23217.259595
-18308.4555482
-20228.9724889
-2030.01511934
-27409.9541921
-16170.2210253
-10169.0391072
-20101.6431771
-21196.6838534
-21303.2102377
-16183.8469688
-22209.3993441
-15277.1367402
-15210.7728256
-15160.0446913
-12121.194504
-19170.3993505
-10076.2443397
-26243.8609991
-23214.9419607
-9028.62363226
-21230.1851297
-5091.89793224
-24220.7491996
-28240.2856004
-24186.7067863
-8115.83879891
-21205.9650482
-10168.2630261
-21245.5118309
-11124.5472021
-7027.03866976
-9086.85442728
-15283.8580736
-6063.27423727
-17192.3792117
-10054.0778401
-11176.028933
-32404.9872738
-11173.8934914
-29198.7898285
-37262.7392211
-26120.7614373
-28180.7770429
-16140.2138721
-22223.8389488
-27275.1050516
-20253.5476107
-30230.4480232
-31234.0823846
-15216.5224903
-18128.3560599
-18185.5275696
-26268.6736555
-24320.986994
-22356.0202771
-11172.0898354
-8110.97260026
-36262.6127898
-15177.2000853
-11126.4756828
-20204.9503281
-6158.0121276
-19240.7561857
-47352.66645
-37252.3106966
-10077.1022841
-31375.0457988
-11157.2815674
-12078.1693649
-13214.5018828
-22251.2438136
-16103.7491745
-17169.3821447
-32238.7784713
-11071.9664647
-11214.4052239
-35399.8129063
-12126.1471253
-7142.71037764
-17245.1016664
-20175.7624704
-11137.4457853
-17150.9933804
-9152.26763085
-23195.6354738
-22145.9784635
-37344.0215231
-24180.6996087
-20181.9669635
-15196.1826031
-37332.1807427
-15135.1907179
-14139.7873744
-7078.58609655
-24215.4461174
-21155.794106
-15187.6213383
-30142.0019464
-22280.064928
-13155.4413931
-9072.12530618
-19305.762936
-28304.3667408
-12120.9860258
-20330.3361227
-9086.43938978
-14258.6169322
-12120.9860258
-20210.2021539
-13353.5663224
-13130.8155328
-17128.4298448
-20169.3683973
-40353.1573569
-14085.2694648
-5029.32284651
-12059.7679725
-18135.2200948
-10056.8052733
-24193.1750466
-21201.6326993
-16100.4194259
-11117.273231
-9095.92757278
-24133.6868238
-25386.6324169
-22201.8055412
-16178.3632701
-23207.7509706
-22203.6954866
-29279.9519122
-19315.9538449
-43511.7518583
-18178.1003745
-12099.5914866
-9082.3153028
-19254.8078547
-10118.9622392
-7048.20365456
-43250.0539438
-35304.4177748
-8138.34468838
-35368.8985198
-15153.5824468
-16108.667133
-30317.2923808
-17239.9137288
-22169.8334317
-26233.1925398
-17277.4923029
-10194.2870915
-19223.5598675
-30429.9782142
-36434.9694737
-11106.7017409
-18112.3784798
-33195.1423864
-23177.5183725
-11149.7663662
-27211.3273012
-31227.3669058
-31378.5169865
-30268.5694708
-8164.84679307
-40457.3823604
-12143.218975
-40639.4967744
-22269.076449
-22253.2150763
-36232.5588259
-34425.2203285
-38212.8823379
-14165.6968987
-26144.6582158
-28403.0059144
-27452.3755496
-15098.1009936
-41410.4635716
-18193.4082173
-24219.9770296
-33268.5358021
-27364.9040199
-13193.0003221
-9127.64897562
-17166.7534198
-26348.0688967
-19172.0925982
-15134.540875
-9098.64658686
-13133.9205307
-19118.0761622
-7028.62363226
-17162.8845485
-11103.1060598
-11095.9946674
-17126.4960833
-11040.3196517
-13154.0216699
-22183.0425222
-39312.5032913
-10068.6599253
-26192.7680602
-12137.1604098
-19209.1874683
-28458.5740149
-11112.2353428
-8176.05038453
-9034.59428279
-9129.51577671
-16121.3757506
-7083.26703143
-16223.9826887
-11089.6549851
-23255.0747579
-15159.0406775
-35460.3236993
-29311.7620258
-18353.1736573
-13270.9161816
-20152.3693528
-13151.3768304
-23124.5163248
-7120.17245695
-11169.9868927
-23400.3501563
-17112.8789065
-15226.6353553
-10058.6258267
-11046.2903023
-8053.87093915
-10073.2628097
-12149.6076108
-9059.55225077
-14258.9461103
-11066.4284228
-25227.7707171
-44391.6936002
-22180.835313
-19202.4340097
-12102.4171749
-21079.9704258
-10036.0458044
-15173.7585474
-26384.2209734
-24167.8897538
-17107.9361361
-20174.2443974
-48474.575624
-13194.027194
-8028.62363226
-16186.7892896
-28330.1875968
-15126.5986282
-15238.4902949
-35346.8131085
-16261.5508769
-12103.2065293
-20166.7272269
-10089.5031497
-15127.5312086
-11091.2401153
-21268.4810469
-22156.4691123
-15194.9166799
-30279.6638403
-23214.3733485
-36327.4360866
-16210.2371597
-24218.5066218
-15222.0811074
-18117.7290342
-16210.3706471
-14129.9209439
-18220.8404272
-26203.0933886
-12110.2922654
-11123.0898271
-20233.8779827
-11082.6845023
-13149.1196328
-20269.3591705
-25355.7638419
-32321.6191439
-34310.6118926
-27258.3011225
-9199.26922546
-14088.4326918
-19385.0571272
-20221.7629533
-17209.8876228
-21306.5902551
-13105.2467018
-13146.7401312
-4094.4383661
-18116.6121848
-33180.1735177
-13174.374699
-22150.0555374
-26194.6203842
-7074.41617155
-12094.2028145
-19161.9591512
-7110.77276865
-24131.3313506
-20317.5554457
-23101.9654856
-37697.4535336
-31367.6137044
-10196.3136253
-19196.6446113
-30420.4759281
-17206.6558673
-31304.3651055
-28353.215303
-13183.8532849
-23251.3021944
-23163.3023258
-17244.4406326
-15126.5011964
-18296.7635509
-38425.9459196
-36181.0313146
-15165.6390992
-29456.0977968
-16146.5595975
-9089.04152016
-16119.7907881
-41294.9792819
-37399.9711933
-16107.9319769
-16117.5327877
-18259.2491014
-21156.2214576
-15093.9950028
-23193.3856507
-18201.4952277
-14062.8818513
-18233.8195179
-6124.56879222
-22225.6482191
-20104.1774114
-22193.7482208
-10030.208427
-17154.5709866
-19094.9103709
-9067.44399456
-12028.6236323
-22279.7780119
-14094.296927
-12122.2805802
-13096.2395672
-13142.1192349
-5027.62363226
-9127.9327224
-16159.9382802
-12023.8687448
-11103.2987049
-21275.1156005
-15061.1043123
-13112.8203053
-11096.9963616
-26120.0683799
-11116.3757493
-12121.5050323
-6135.68587078
-22200.0831494
-26245.8773805
-8069.57401897
-13164.5723476
-22363.7935009
-14184.5773639
-29391.2416583
-22197.7886194
-6070.39686021
-28293.0766907
-17211.1835335
-15089.6681609
-12061.5601608
-14161.8663347
-6056.14033229
-22315.9533802
-17104.7702427
-4034.04370783
-21204.3057095
-6027.03866976
-17132.8901722
-7060.37807308
-17173.3832936
-9183.90575231
-15104.8496548
-6068.18279843
-8061.98109208
-19090.4563579
-18247.8027947
-12153.9012916
-14160.2252497
-17136.3708091
-22301.066709
-11091.5355299
-13127.6667328
-23325.8568437
-21192.7161752
-13054.0045478
-6053.05257283
-7060.56801655
-31275.6730352
-17189.7620138
-15135.4059197
-23110.7021471
-23150.8792499
-12027.0386698
-41335.7739092
-12028.6236323
-21206.1881699
-19090.0177229
-10111.6891154
-27284.5374303
-34386.8389288
-44351.9647872
-49442.5157702
-19150.1219503
-28127.6301947
-13179.5121056
-18161.2626075
-10136.3529863
-16189.7329369
-27268.4540886
-19153.5491013
-13121.4047197
-20143.1146159
-23215.1038819
-15131.5617838
-8110.21552568
-28264.3934674
-29270.3641179
-24332.1641492
-31334.1010948
-27218.7162982
-21195.480106
-16151.5130801
-23226.831672
-16151.5130801
-36422.4261089
-19149.4241185
-17100.4768309
-18088.259157
-38501.9446641
-41373.972903
-28423.9478654
-21235.1303975
-26373.2888811
-35454.7360367
-20288.1761188
-28365.1573968
-52606.53553
-24307.1449852
-12172.1665508
-18340.4268575
-29357.2167085
-27313.0974749
-22275.940826
-41306.1517858
-11158.9463757
-20238.6329629
-17335.845141
-29411.6468761
-28405.5181898
-30445.8415598
-33483.2366133
-20155.1270778
-42328.4033011
-26153.6652743
-12152.1603611
-24295.5316225
-11096.3280543
-25170.8926369
-17134.816557
-26324.8576535
-12180.3382688
-5125.99896217
-20217.0651509
-6129.01096507
-22117.8578136
-42399.9996111
-28249.765075
-21169.9836841
-7115.76854622
-21313.8762986
-23180.4770867
-27378.6531719
-30305.1207812
-27212.8676896
-31242.7238985
-29343.5034315
-34359.5533195
-22147.1272244
-15116.3598347
-18191.5565882
-13055.9573273
-32290.1489181
-24208.3785751
-11065.0130411
-25327.9805691
-18234.3588551
-38291.6874655
-22174.0885105
-8069.5960968
-14210.2406621
-9103.65791399
-9156.10583947
-23152.5670504
-20189.3713199
-11159.8272489
-23260.0476545
-20109.0654178
-13222.204545
-4087.60931478
-12064.1383538
-18144.6462654
-26297.9828234
-21220.4971143
-17178.0604859
-9057.56218799
-18074.9997753
-17177.2735176
-8067.07954283
-11079.8821827
-14181.636568
-24239.9099017
-11081.0585116
-14060.9523092
-8178.33495959
-17212.4384347
-11155.4622592
-13102.6774641
-15150.4555216
-33333.1259663
-23314.5661334
-20145.0223367
-25240.7891559
-20311.2469661
-11173.5716839
-19149.7031114
-17067.2448878
-15186.1163207
-17125.2874452
-15109.2353428
-21146.0109183
-29359.2171138
-13151.7381896
-15183.8131224
-19168.7349659
-27279.9375384
-34464.1573093
-11164.4347954
-12046.0338973
-28241.9199439
-16232.0451856
-18255.0484989
-8090.92092123
-18146.4903496
-9139.96723179
-14107.6910223
-19197.0297595
-14091.6952467
-14140.8807518
-11134.4686126
-19351.7855217
-25114.9885701
-21078.0406461
-25220.3203995
-30314.5558253
-38403.8824662
-40299.5756263
-29350.9430009
-29289.1725091
-32241.7012767
-15207.5782536
-16168.02696
-14155.6156769
-22176.3452273
-17204.7241891
-33376.2472615
-17260.7566094
-12064.8591998
-9097.41717491
-26148.9344304
-18147.829802
-19153.8747698
-24220.4773777
-10173.6723792
-32295.9738731
-39432.5320437
-12136.8110858
-23235.0173193
-21262.541989
-21185.1306283
-22177.1281024
-35343.2175663
-6116.35226398
-12209.9034298
-38242.0439175
-15198.6041023
-15214.5817385
-19175.5900571
-20136.4713609
-25339.7439512
-25233.9566382
-16290.8717148
-18236.1377407
-12172.9312029
-14159.0194204
-29294.1068707
-47681.2949323
-6075.03851034
-16173.2641837
-24219.3112448
-8062.93071904
-30216.7659705
-22179.0035248
-11063.4668138
-11183.9580847
-8111.15998761
-9040.31965175
-12073.1411957
-12066.12551
-12209.5676726
-29242.3737505
-42547.116088
-28326.8105845
-39354.4722382
-42220.8384465
-14185.5603272
-31288.5096771
-20227.0587503
-29227.9506788
-34478.7054756
-36400.6034099
-22144.7160228
-19178.8772583
-18216.1209871
-21325.870634
-18169.161189
-15220.4709092
-22121.3988672
-22300.2387086
-19258.1439632
-13105.3558354
-20215.6183875
-18125.3576923
-18154.5715748
-29234.4796014
-24203.8742824
-15168.8473579
-15180.8513223
-9085.42139931
-18239.8866116
-11111.4245923
-14236.0915668
-16064.2742373
-11139.5414108
-16204.1283753
-17178.9695122
-28232.5562223
-20387.1926996
-4040.33345755
-13217.1957676
-18117.2237462
-25282.2346538
-19132.2378639
-22189.0463278
-16210.9941149
-25132.1794515
-19120.0355202
-30240.3954272
-18135.1235885
-7085.52185194
-25141.9799442
-16105.9571952
-25188.906737
-21195.4431393
-15237.0373005
-7067.53426936
-20292.9561793
-6041.35052903
-29384.1835585
-19195.0046027
-18099.2119569
-12144.338273
-50587.2334345
-22235.6712574
-16148.7231298
-9126.85617481
-11120.5383993
-9108.64977447
-19184.9471026
-13173.6260379
-22237.3792215
-33248.0725332
-33619.9591983
-32289.0027803
-48348.7560347
-20312.1986424
-19187.2253692
-16194.2220349
-22308.7683653
-16085.1108323
-27320.0546833
-43398.3207565
-7058.17583154
-14211.8496803
-19264.7008606
-23371.4431614
-17153.1520129
-14241.9371051
-18145.481818
-23291.6061458
-27372.0816295
-24273.2931958
-23148.9106065
-41398.4135425
-18169.1017339
-53372.2932044
-20252.2239304
-24211.7799163
-21144.852891
-14158.330923
-24209.0816124
-16218.9150813
-17253.9565484
-28270.8467361
-30128.5120581
-20194.205776
-19182.6468072
-20099.8720883
-35361.5566153
-28298.8472774
-22182.6135112
-18294.378839
-17190.3279244
-17356.1264087
-23160.2053921
-16160.6579818
-28183.7162943
-16210.9858424
-27228.4294107
-24266.8611413
-27338.2957512
-15140.1776103
-15191.999536
-12154.6076486
-7042.17869719
-5080.99922721
-8054.58951029
-18263.1619413
-19253.7917571
-11116.063372
-35511.5008577
-15266.1696956
-16199.1132924
-7113.4297323
-10139.8572294
-19342.0391188
-11255.4040946
-9103.67972979
-6007.62840475
-9147.09787356
-27290.7050313
-20156.9623594
-25257.194902
-18255.433158
-19325.0488736
-9061.55999311
-19151.7177937
-39432.1965648
-14071.5012942
-6082.584022
-33356.5096602
-11169.7707052
-13203.1370737
-27219.512543
-12160.1531988
-23262.9590439
-15245.7237982
-18172.960386
-12096.6278226
-19072.3680209
-12078.3854633
-22237.753248
-11115.8869269
-19156.8965245
-25253.8109941
-41248.4980285
-17101.3053343
-15114.9584461
-10187.3608851
-14127.8448823
-22191.8062423
-17197.526625
-5042.93549153
-9055.29695735
-19099.9248423
-27270.5321826
-27323.4563172
-13138.4185857
-36448.4471163
-13105.1827751
-22150.9220965
-15135.7020617
-8091.58547181
-29292.0554177
-28257.6217323
-4067.61253592
-16243.3845783
-15132.8713414
-18117.0584843
-27343.4321083
-17144.4657696
-15167.1665508
-14186.7595689
-18172.190592
-15187.3375176
-29259.6428241
-11094.0337038
-8086.31519055
-30189.5591379
-22138.1171282
-24175.2622413
-21125.5130405
-23181.6947212
-15081.7560215
-9125.5986469
-17101.9361348
-30213.3051883
-34325.8246691
-20305.5349181
-25262.3193086
-18198.4699988
-15216.4963841
-33305.204862
-21253.4653959
-17271.7303065
-23293.7559076
-12238.1856464
-8154.28292836
-15186.8711365
-13137.0789034
-7073.86633437
-21171.1187731
-22134.1084219
-13097.7202041
-13133.6001747
-11122.9313623
-48.6188597676
-13209.3269758
-19215.417554
-17151.4820351
-20274.2397126
-18153.2829284
-7038.03954383
-14188.8639746
-26147.1076188
-18113.8068522
-10063.463204
-21206.982594
-22147.3567023
-10189.8897089
-21178.45978
-18142.5364795
-39387.2532054
-16155.0361124
-29264.4295033
-11190.1820672
-12088.6551528
-21225.5638176
-19171.3390332
-11195.3226486
-18223.3974008
-11086.8544273
-17093.7625038
-15193.7882567
-36424.643169
-26438.272196
-21315.1164059
-13201.9834562
-16162.6657877
-34423.5923803
-14189.5419335
-14271.4412464
-29444.9323244
-32264.6805654
-12109.5191904
-17193.1881382
-21321.144041
-15183.4953779
-12158.4818365
-19233.5570372
-8063.27423727
-10164.3230235
-19327.7829281
-8079.76545096
-34443.1035526
-12095.6435562
-21212.9957097
-7071.18331027
-20251.0883271
-12091.6435562
-23202.1030793
-12155.7405998
-16171.5128017
-15174.4623019
-14131.8613708
-8043.86397227
-19207.7231095
-29265.3245759
-10130.8613708
-25374.7649945
-32321.981141
-16197.3329768
-23340.988065
-10120.1613464
-8134.84425672
-13264.2996136
-13295.2854583
-15146.7983317
-15202.3138013
-16162.6657877
-34423.5923803
-17112.105344
-12141.4657232
-8119.78840435
-13142.3999472
-10087.4508776
-12073.831209
-7020.90938674
-9089.54515044
-16096.3298926
-12200.510502
-12085.1246381
-25215.6293976
-19164.1842821
-15068.6185813
-13093.4098726
-15158.9636953
-16274.3760218
-8050.23195829
-14163.5975555
-13208.7589473
-8075.84913095
-15156.4146621
-11102.1041047
-7086.43276038
-18198.1460923
-15080.8966409
-10094.3298957
-16229.6791864
-13076.8600738
-26261.7327594
-35290.3532887
-10097.3250679
-28230.8478559
-26265.0807443
-11062.463204
-32232.7766484
-8074.45129687
-23222.0017304
-7136.82375875
-13139.8685054
-19353.1735596
-28436.5472998
-12194.7401114
-15108.5289522
-14217.4637274
-1048.03389727
-4007.62840475
-9133.12056796
-17101.2169564
-7065.21829649
-18130.7410126
-4052.85383802
-40334.5081454
-3019.48078105
-5028.62363226
-23194.1125866
-10260.167583
-34282.2838245
-19145.8924461
-11175.6194945
-8059.92212505
-19172.0333591
-22231.0456651
-21130.3830529
-24181.4844739
