-74.9269043851
-170.67736071
-102.42672464
-158.60390707
-74.4023599901
-80.0319591397
-145.490755879
-103.600399461
-85.8426151255
-50.7742577768
-56.4157162075
-104.971901337
-77.1597789421
-240.864697829
-79.9939496512
-106.555451745
-63.8439764685
-118.451380874
-121.333070802
-103.177624925
-114.660133809
-137.847812091
-153.684137736
-102.404302034
-121.275646614
-70.5540957771
-22.4937058666
-36.1665087703
-81.1033835873
-65.3428423042
-60.6926232652
-48.7945369691
-81.1503836041
-31.6910745389
-53.2787953099
-72.1438823506
-50.4363121123
-30.1619639133
-110.377978478
-81.6562486887
-82.810989658
-115.823140448
-116.372631628
-72.6740089336
-116.032136227
-326.439500591
-61.1395394461
-40.9352780689
-70.7504165025
-52.6344632102
-82.4239284419
-115.682078518
-69.2463334167
-72.5846244893
-99.1110769834
-158.101595122
-88.1540582163
-118.911978405
-115.905321694
-94.7228231453
-98.3079513193
-164.127957647
-105.347387277
-57.9848504928
-76.625153238
-73.3201619117
-91.3695723829
-121.338631601
-150.614236553
-63.0065204999
-73.4761793717
-138.09467432
-147.943661007
-110.985753317
-44.8937830156
-68.6433337421
-61.5217480251
-53.4181685004
-74.3409489806
-63.1085757416
-43.6963325762
-120.062834833
-56.8058217844
-72.4055545575
-107.255595459
-43.0338358624
-46.964868854
-36.3357153993
-64.0006173176
-134.343394858
-59.9663484693
-70.4922193213
-120.01515174
-103.520773993
-86.2332716376
-116.302979318
-74.2800675522
-113.870937286
-79.2765031071
-44.4653504163
-137.740678477
-80.8499485748
-82.9684451195
-87.0132507392
-107.063770619
-94.6934121001
-70.1435204282
-162.172237756
-166.545312169
-106.070833013
-65.3320806969
-110.576500641
-56.9160077273
-82.4147525796
-39.7529658665
-73.6836678792
-82.5307384923
-109.629582998
-71.7036662242
-27.5633206944
-38.0684406732
-89.9350197153
-114.040746058
-100.425009192
-26.8378950228
-100.719552567
-98.9691564499
-61.077693085
-135.493309472
-123.814598619
-117.762250229
-148.288399399
-72.5178410261
-119.619055199
-91.9800214916
-95.1038964164
-109.013859793
-82.8902610491
-55.2938356198
-58.6712846434
-133.960093327
-129.058628555
-53.5843876405
-74.5693570872
-94.7627760041
-119.229215683
-72.0483862336
-51.2534936458
-29.4138642511
-36.6340192236
-93.0607376916
-133.162244253
-39.6081671399
-83.4157063079
-58.1524412734
-143.332190715
-56.354114757
-57.3030160673
-87.2371988754
-77.6598465488
-51.2489507238
-81.8104560807
-56.9696603775
-70.0573737344
-167.976929777
-79.6810784461
-119.30610899
-119.184743115
-122.268639327
-84.3546306293
-123.54755113
-78.5070877769
-112.669057531
-79.2523681426
-139.982960665
-55.5423126488
-102.262623346
-111.278227589
-80.6438479156
-61.1765670615
-80.4174913399
-60.9936049232
-78.7119364529
-83.4299473886
-43.565412096
-88.9916526548
-39.0642418133
-149.326410561
-146.011603045
-132.940156356
-99.0685467889
-180.624701206
-119.817192501
-100.356216724
-59.4232438252
-42.8574656756
-89.8343901519
-57.4890939733
-156.491953681
-76.3203618947
-38.6095991921
-94.8860937103
-59.110456378
-229.389907637
-63.1078115996
-124.847395419
-185.124138873
-91.38729929
-32.2319818663
-114.756435214
-151.875753637
-163.074034756
-94.3613365331
-30.8330686613
-127.473677949
-98.8064720233
-84.9422202456
-60.0123482664
-167.136444427
-135.262470471
-34.0823947079
-87.9274262838
-66.540194692
-198.795143578
-63.0233931337
-124.622188548
-51.7678618533
-51.6488917727
-87.7926302735
-219.731025112
-113.145726827
-40.5997869595
-52.2260033425
-41.8701319808
-38.6041580737
-45.2629319973
-95.3580846262
-91.8518383746
-89.163523034
-100.65914803
-93.9077330123
-97.1038305398
-83.1037325019
-80.2624736
-119.789873182
-69.2526009455
-40.0116172145
-97.3560192739
-51.7321193003
-68.8633980137
-33.1125805223
-94.2354318886
-111.603348456
-127.548293459
-47.995443675
-59.0828503834
-42.3822566802
-98.8100465547
-69.2249646078
-113.61315459
-86.942225992
-56.1690660532
-50.0288254215
-87.4563164932
-155.683224298
-86.290205348
-125.500612185
-113.924315208
-111.717921241
-142.70244235
-190.599357333
-149.301834874
-87.964284378
-164.928752926
-115.858040259
-116.639847093
-113.504207421
-50.8143319793
-176.41333844
-119.947373044
-187.234280793
-148.58035584
-188.066323491
-149.883494986
-171.702212079
-243.216127333
-135.993480794
-67.922568081
-86.0421299704
-121.208383596
-135.85605035
-71.0910389075
-54.6490638637
-74.1338959083
-145.26695396
-85.2856087171
-67.2261038099
-94.2817322011
-157.633043695
-64.4270051883
-63.0789095962
-91.1599760454
-113.327464833
-84.3111121095
-98.0102258227
-74.5346360537
-162.93486563
-89.449255167
-83.9558056925
-172.747072546
-65.8472570153
-88.4781573243
-155.355809668
-153.811034061
-42.5406641125
-34.6346092618
-43.7443004828
-66.962055719
-103.220125424
-64.294229667
-45.4018727769
-116.795605816
-67.3238135873
-95.9926096231
-28.8989532198
-116.544699525
-44.3034013655
-132.888169454
-106.398034222
-121.443390593
-86.8201011939
-99.0778546543
-74.2865596581
-83.9469652813
-143.448428041
-106.677114049
-206.416283258
-123.438553965
-113.21204568
-83.1584425869
-85.569292859
-111.926719969
-37.6822631635
-99.3601969943
-44.5261261612
-136.845585733
-124.453929633
-87.9368576425
-51.0011480399
-108.855316015
-18.2884503916
-171.736666658
-70.5106873707
-108.251110611
-106.472823207
-203.438903275
-83.2676997328
-42.627855916
-98.375810176
-101.154645098
-164.460550187
-92.1984678212
-79.074722163
-57.1811619179
-142.280131544
-106.909271372
-39.0733243007
-102.904465574
-132.97916455
-152.852107329
-61.2928083308
-140.05250946
-134.869294995
-64.7598047136
-92.9147341941
-105.176396652
-129.157307973
-104.1676087
-87.346131653
-173.307536927
-56.9199692716
-87.8757668041
-131.772676376
-92.2324644449
-168.196753033
-92.3172201853
-74.9195050432
-100.522804432
-35.0686629016
-67.5982007814
-50.3751738427
-62.8510521133
-117.293325874
-96.7839500171
-187.98747877
-135.157642599
-143.581397971
-59.3695600258
-138.287485919
-139.653525111
-144.87132955
-133.431993775
-104.228401607
-86.7977778971
-169.897567839
-76.1758960254
-100.040874767
-80.9824091561
-125.339242127
-76.3962134073
-68.9332200309
-136.792247067
-139.672940657
-91.0052361388
-145.53581657
-58.8497446959
-121.794734904
-193.420022189
-110.553865412
-59.4061743321
-117.113300796
-62.3468335417
-47.21863597
-72.1799975292
-152.927314128
-132.268499678
-76.8048353362
-84.834556769
-154.602858828
-114.547183475
-138.647777062
-86.86686227
-55.874440475
-13.4078653904
-116.477368771
-87.6522368794
-69.3171927451
-137.472032392
-58.4495277819
-50.3413868513
-57.462523015
-141.15912964
-114.060022981
-101.058936125
-96.5582493801
-90.114501861
-102.41403768
-93.33182787
-162.927561687
-98.7388805337
-289.823919076
-75.6951692225
-128.121243816
-33.9143677601
-89.7780762179
-105.115965707
-141.360864943
-101.248590729
-71.689911001
-91.2169446846
-18.2502099965
-85.9649956722
-36.7911448565
-85.0273308529
-63.9309247659
-126.426157812
-118.065912433
-104.993938819
-83.9070781095
-92.5496220797
-101.278329031
-147.365033699
-165.638671272
-23.9359883623
-82.8960050152
-84.1620554208
-101.186725491
-66.5744480723
-82.9640406728
-53.0141467728
-43.3006179018
-85.2261296611
-137.024372603
-158.820854491
-122.013741988
-118.998060587
-54.7852506057
-92.7247417943
-107.18777739
-73.2117462749
-74.4123408231
-74.3745598312
-124.639103823
-71.5334162055
-85.3274337364
-157.582948164
-64.7693976077
-74.0178599734
-61.8872937536
-56.4271541946
-128.415691588
-105.363292624
-72.3496755658
-107.268169301
-107.856282792
-47.2831086871
-84.4572241458
-114.184016993
-89.8019405256
-87.0409222542
-89.7916111583
-40.2932206163
-97.6377589528
-80.1736483543
-121.629472782
-102.421700352
-62.3499716974
-101.359993074
-102.939531923
-99.1399984332
-138.685798963
-89.4239341327
-75.293248329
-80.8422104459
-84.127158912
-129.931648786
-78.2858160907
-249.260972987
-76.6406934911
-80.91158256
-51.0933683112
-104.335338743
-65.1058080922
-51.8152226827
-88.3752074786
-51.0093563649
-27.9484209722
-117.01050118
-86.7755207239
-109.082221059
-57.3974066123
-54.2250434995
-74.1677627026
-74.7432273684
-96.9982245264
-31.198952366
-87.916646026
-34.1172497566
-60.9001204227
-59.6044269332
-133.613267984
-49.6448403009
-71.6127296837
-117.886180799
-58.4039635205
-70.2200582743
-52.4588400753
-79.1095949885
-44.9916484113
-121.2467716
-42.8014700312
-94.6525030454
-73.1021636981
-95.0547777428
-116.826408783
-70.6102805538
-110.882369112
-38.3752227739
-80.9644104944
-124.401554604
-176.334291453
-67.5436905632
-33.1843335938
-42.4073409386
-74.2252888242
-23.3540999135
-21.5530796287
-31.16049956
-133.236652282
-73.147093323
-100.128535992
-144.451300698
-59.3251092636
-73.1991971294
-95.2910410863
-66.0298007191
-76.1982012503
-48.9837902846
-118.05885072
-113.966183345
-156.467472553
-59.4638678968
-120.414807719
-86.6378051166
-71.798809452
-137.842742807
-87.80033634
-81.9792330282
-87.3377527838
-168.041760227
-24.2147205939
-99.3342658704
-56.6086324251
-30.715918103
-151.049518619
-48.8457045704
-41.9979519505
-70.2067659553
-69.988017425
-86.2843852583
-129.387699505
-101.629941207
-35.2071214858
-101.808759322
-62.7306361751
-69.544247099
-53.9311975732
-80.1164611623
-65.29737038
-22.1495386024
-98.6167494251
-110.84236455
-122.221525594
-34.8675641547
-78.0052097065
-88.3788504317
-111.767483866
-62.2801112969
-69.0705694197
-45.0241214207
-80.0973914068
-117.589623777
-61.5078967636
-60.0048805522
-54.1193505608
-124.122501511
-59.0511650113
-83.8537750374
-56.5500887851
-92.3781988553
-76.4732809831
-163.644552585
-161.107587389
-55.3117479102
-129.569602145
-133.296993867
-116.326382335
-88.4352177705
-86.9065481161
-137.740661871
-96.5231515456
-144.233842649
-132.065114963
-62.8131013804
-109.658592924
-52.7056278606
-118.168787309
-200.741976843
-120.932539741
-88.1307927842
-65.9374010885
-165.868396226
-84.3383820485
-119.674509179
-133.640244333
-110.737700597
-55.3425945062
-65.5963614132
-117.350159657
-133.965874984
-114.207301327
-92.6428039399
-57.9845391087
-127.189144769
-78.2883243957
-84.9082759296
-118.707877992
-37.4767754704
-56.5275439632
-51.100151309
-48.6985803118
-96.7263134309
-68.6470988355
-72.775844913
-139.760534641
-130.557713996
-157.278075821
-82.3237973711
-47.0201513197
-165.288146498
-115.15896947
-119.033461821
-53.9977740064
-99.1099721913
-129.190137454
-153.208646092
-98.6255676622
-75.9484396105
-94.3000680524
-133.827291467
-63.449083838
-132.876289247
-63.9399079076
-129.518815758
-47.5910715421
-88.9615362163
-54.4912264849
-72.9456051674
-234.39953314
-92.4991275746
-91.2955814328
-76.102314209
-89.87062261
-36.2530357946
-106.70888894
-68.8386401123
-56.6530353175
-29.357638499
-77.1444283294
-86.5820084902
-84.6174759268
-47.2525316811
-88.5729654455
-56.8473223047
-72.2498210323
-70.9971369415
-65.6102805401
-84.5293665975
-110.81453456
-64.0542629239
-40.5291760453
-50.6867366722
-122.761654033
-28.2253176044
-74.1771267806
-85.9534718035
-88.0470529514
-52.8765567746
-68.3686028149
-65.2165530672
-84.7402100011
-88.8809186258
-56.2232724355
-61.9503279966
-79.4461076607
-78.4293096213
-105.318689582
-101.939555348
-75.7301521646
-51.177510046
-151.10774472
-56.4779215843
-113.96296495
-62.0143611828
-41.6521157303
-41.3393484793
-96.1897590342
-59.2479682161
-63.1251915515
-57.8655055932
-137.435080168
-113.724951217
-132.014782939
-97.8680040979
-57.1270723232
-115.291823244
-66.7422125314
-40.8137615461
-150.335114166
-112.94701864
-26.7948890914
-142.199486272
-106.244422756
-99.0910528111
-61.2948131304
-79.0968436492
-28.4210880688
-77.6109180103
-47.8396501914
-63.1141673729
-99.0214763887
-105.932366176
-91.7886612563
-51.6981841613
-77.3316797388
-67.3355696835
-45.1630881419
-90.5235267697
-104.212438971
-158.925156842
-83.7366458838
-44.5506427262
-131.570502436
-163.716247069
-77.1858938664
-85.9390728969
-52.0639743605
-52.6180534713
-47.8605278693
-122.405494226
-111.297007738
-102.149475959
-170.236197367
-101.22285387
-168.056780723
-48.6882135107
-98.860704732
-85.609051997
-100.375781496
-67.2865826176
-102.840947699
-92.8148564907
-97.4020336027
-100.59975408
-99.2555181414
-94.5846337863
-187.932575458
-252.571029215
-90.8379774432
-24.9145624303
-135.955086908
-200.529682454
-147.675697015
-69.431664964
-122.570266015
-154.482872384
-65.45615913
-74.9916595208
-59.284212042
-41.730416052
-68.4692872821
-71.4985480893
-71.5880820271
-87.4125961525
-113.326915466
-149.318268697
-74.7937017422
-49.6750171101
-111.331748694
-64.8923291692
-68.1932470608
-45.0617296025
-44.3510405238
-54.7498019748
-51.8894061011
-37.526472899
-48.687232002
-141.357861686
-69.6769089839
-80.9595515818
-61.103193635
-229.005932424
-111.708999568
-166.453163156
-208.821770315
-68.7241491774
-30.6853850267
-34.2283493419
-106.382406547
-107.835189819
-86.1963974634
-67.0465487577
-96.4130774727
-134.668923548
-128.764330781
-160.740082121
-97.2792208347
-48.8236306249
-101.040193371
-77.3744091223
-45.2308870783
-129.785044179
-39.4126501707
-51.265704605
-61.6049112879
-132.368366069
-140.26512517
-246.728955148
-123.6350984
-160.807695871
-114.308387703
-162.276263508
-69.9364942721
-110.648753126
-67.1840485461
-64.8096151255
-83.1734131347
-146.440331224
-81.6244304461
-40.2640927645
-101.381189852
-93.4603039673
-101.448248857
-132.325818366
-116.266449053
-91.7104016351
-32.0017133749
-101.684295975
-94.3494835924
-188.880567147
-70.9469067295
-50.588428272
-138.790573577
-46.2473766442
-102.302283623
-137.81247716
-67.1086103095
-40.6936650221
-35.6865279421
-55.9313299517
-199.17424119
-119.831910069
-85.3656702508
-161.592653521
-65.6365705146
-56.3463675531
-117.224631567
-96.5388182249
-125.841201257
-122.475407118
-110.620716154
-74.9009632008
-124.522036332
-79.3419600142
-118.492596152
-61.3096833035
-85.972148
-32.9755671035
-93.9636757865
-122.637155491
-72.8634373573
-96.0519989965
-85.4349504221
-131.293128581
-85.9001293934
-91.4004198035
-57.5736132141
-33.7119222577
-125.16598959
-145.634790081
-154.190487952
-110.174998077
-110.50351279
-122.990614762
-50.6784406393
-138.043810186
-116.145962099
-46.6702193094
-70.9315962484
-97.7921549929
-23.2466073623
-134.985883066
-72.865378394
-102.145404715
-118.560841564
-65.631375383
-87.4168150187
-117.464828765
-73.7968404509
-64.6224441185
-118.219643019
-124.703372328
-46.1989968231
-82.4943583877
-103.64353098
-64.4421764163
-40.41679222
-90.0093306158
-102.452107984
-46.7105076519
-159.814990625
-83.9051006973
-73.1670185627
-112.004530201
-92.8966882807
-65.1086906063
-83.0643974948
-166.356221846
-71.4227938229
-43.3143373443
-39.4223892393
-64.321604838
-95.4215819109
-40.4175588826
-75.9563185692
-54.5953688406
-65.1486158011
-227.794895727
-104.748106535
-175.177425045
-62.8957788337
-97.6142518392
-73.4767152302
-83.0411781605
-23.9471784188
-94.2402686989
-114.01343097
-75.5772529022
-108.498155241
-44.3694051133
-48.7932661506
-46.3759713432
-38.848271024
-54.3871002179
-37.9482040008
-75.6627495834
-55.5607520333
-64.0614073457
-69.9014065914
-85.6864545856
-46.3141741273
-105.029241297
-63.7295404456
-46.6178595738
-59.8196653984
-57.4991440495
-45.1968745535
-95.1079806745
-41.478810482
-52.2336916842
-76.7645589452
-95.3444509204
-96.0085166882
-91.834648771
-93.1004241205
-66.2756875569
-184.172891916
-158.572562741
-149.64532058
-61.075306921
-120.671813995
-198.249613728
-113.958487755
-145.485823506
-25.4759524099
-17.6349276788
-49.3283321989
-198.264915394
-94.9073723134
-48.8407368553
-57.163444824
-114.420316345
-124.358699925
-108.122081689
-63.2644030646
-81.3285956852
-123.399680073
-21.1107682239
-112.767612348
-82.0765741979
-68.9689956358
-129.653095667
-68.0070820524
-104.187273788
-46.7547923716
-118.888761445
-62.1553856197
-99.8472423536
-66.6808124569
-61.7383216037
-51.5377908996
-82.5765305768
-89.237337605
-64.9330949847
-43.4268467825
-50.1551395235
-72.5548088432
-100.488481317
-93.7952993748
-73.0923869766
-57.728852011
-78.0087148303
-74.5480118735
-119.510958208
-51.4276801441
-74.1899588619
-50.9060504755
-40.074802581
-69.8650937062
-73.5528126387
-60.3619607402
-110.963407959
-182.306642124
-77.7050049326
-45.7782608554
-75.0339094454
-94.2818981485
-85.0642070402
-138.628287717
-160.332411717
-130.769953894
-109.379347725
-76.7160908658
-48.5244077216
-84.9764856072
-48.7335281812
-67.5331480599
-159.912703194
-98.4990197164
-67.2675839149
-67.3821724398
-66.7555309218
-46.0134817909
-36.1709159151
-39.3950931101
-49.904026356
-59.600475164
-34.3317485848
-102.476430949
-41.0817033685
-82.5642273706
-21.8463780463
-21.3039577657
-23.8676819201
-83.5973896803
-107.949866626
-74.2302495709
-53.6447491126
-79.634937677
-88.9637482123
-57.8430145879
-87.4189922763
-53.6620092235
-111.19747866
-102.405104027
-115.754014105
-107.99958179
-51.9482736026
-71.7970438942
-144.399891368
-56.5462263132
-87.074503088
-45.4413804009
-74.3901893496
-26.1490017449
-35.532484706
-78.0922589407
-58.9506682616
-140.768913327
-114.15472213
-89.593958537
-54.4454035226
-103.77034363
-47.9238326336
-71.4425744417
-85.186966613
-74.7631471126
-118.396012456
-150.127089891
-69.9751931936
-56.7687933199
-35.8746094537
-39.076873484
-124.138128098
-114.13300364
-91.7296248711
-118.929546211
-104.770274489
-92.8395286734
-64.8694001154
-56.3276391267
-93.8824428665
-33.3060625379
-33.2093554138
-40.2784917308
-110.792515056
-90.7990712931
-98.286799588
-88.3250852266
-38.4613677838
-73.243638963
-116.448742188
-38.1391550615
-40.3161373893
-51.3159952093
-45.7789091814
-66.9287021287
-34.8789485564
-31.8409863336
-77.3668627961
-105.983788524
-165.158662063
-259.802769843
-31.2078238884
-115.405368195
-76.0617048018
-59.2755603633
-117.116762843
-138.999616453
-68.679015778
-53.0350079303
-79.5241132747
-31.5908479727
-78.3811239207
-129.061968763
-78.5195608043
-49.3203052818
-105.661651248
-40.1041427564
-59.247923135
-79.72764138
-27.5326019092
-41.7904873957
-37.2258546484
-58.7687894161
-54.2787510762
-75.045682961
-106.672230022
-50.3661152809
-87.120789497
-47.6071417587
-96.279747496
-110.948907776
-92.1422378694
-100.2280397
-41.9107712866
-70.0016431797
-65.8535351726
-156.155303613
-53.2245941178
-61.4926692438
-24.4110420903
-84.5764279661
-72.8920784655
-52.2269033537
-59.0144236546
-118.115900808
-20.836912517
-63.6006503393
-74.9927058005
-54.4904824728
-47.1012282245
-58.5592730914
-55.5388880355
-42.1850140039
-37.9233776331
-114.768671058
-139.159413458
-91.3651116166
-93.3433253752
-51.98519834
-51.259565532
-45.0990143555
-36.791913181
-68.9900842576
-24.093641831
-22.9653402982
-36.6276009289
-119.900026165
-35.2341557786
-96.202705424
-20.0982550589
-105.290743468
-61.134306168
-78.9728659355
-147.83995891
-118.75583
-26.7299320273
-55.9544191376
-40.2594729789
-47.5025515073
-116.363013149
-62.219399066
-31.0058409275
-34.2423003609
-35.8348565829
-63.8307602016
-79.5631009956
-71.377096868
-32.7293737456
-88.6351921959
-95.6556772252
-100.043069658
-143.204730918
-110.90754321
-110.610309913
-63.1913495393
-115.96339562
-60.8306091962
-80.6120700074
-73.9845749256
-44.3486249043
-119.969467239
-129.600261298
-56.9526136758
-18.9920171444
-186.605310656
-119.787770345
-60.9521985332
-109.363419462
-34.6676283412
-62.8280496981
-46.8807897666
-38.0517105324
-24.4853413867
-80.9050968597
-84.6695953784
-62.8520508087
-40.3927150755
-52.2440492775
-69.9439691336
-54.8157480005
-49.2813439859
-79.404128712
-19.2996602605
-74.1861858771
-99.5741445022
-50.321961153
-126.707842575
-82.5214317175
-86.3983643019
-34.8073549563
-26.712085783
-18.8849000569
-109.624908186
-65.8162683134
-46.0321880837
-32.2397251591
-67.4314172578
-81.8579076838
-60.0333401597
-82.6653817563
-114.151489937
-60.4694382929
-96.0568471572
-26.9878217018
-136.594304704
-56.2983012007
-114.364042269
-145.919749917
-50.1381540366
-96.3305510562
-105.245127355
-92.5334854611
-55.5690768357
-126.676602974
-80.9142297874
-82.8721546848
-128.73752585
-96.9697303386
-86.7134992113
-81.3510830546
-56.9779067777
-90.408896939
-140.977952219
-66.5763089872
-109.11900048
-78.5977112565
-141.509820874
-50.800741203
-125.492737353
-81.2624186911
-29.6352858159
-129.073352412
-77.5595515
-30.8642500989
-67.5050443386
-59.2205558354
-175.847681241
-49.9905252052
-98.5911417861
-31.664571324
-128.043582408
-140.18070112
-79.1009613754
-100.89005218
-156.948574367
-59.669604106
-107.1172455
-83.3025578214
-36.5174958864
-81.1522506537
-137.762178503
-83.8678249826
-113.981505879
-63.6762049653
-40.7195430449
-147.300889672
-66.5412345762
-77.2857633336
-127.231273998
-138.789550278
-55.3843119448
-61.5222205914
-215.949650954
-36.3846569598
-69.4785924362
-24.8570278385
-48.7126205479
-160.620174528
-26.9001514476
-55.330768918
-34.4732284492
-176.491767592
-131.984495912
-29.0171300756
-92.1499149429
-103.806342662
-82.999583674
-73.6031335488
-152.722689569
-46.7697560501
-61.3245188942
-111.230762457
-30.0114627552
-37.412282863
-135.721982601
-100.334122584
-81.0654979117
-172.567151835
-93.3236025222
-171.851848892
-62.5773290375
-52.5216984097
-189.719233832
-39.2615677323
-104.250971759
-94.5978140932
-55.154308067
-68.5097191117
-126.85426462
-106.926924201
-54.8400482381
-141.500443411
-65.0229109496
-70.7003415082
-76.0712835958
-62.457894322
-89.617354004
-30.57005605
-102.912067816
-133.130198687
-94.9372115332
-83.5897138628
-57.6312747647
-79.5076628945
-19.5125023148
-83.3469535273
-75.1797089748
-95.055327474
-49.6829256662
-78.2882379519
-77.0703564859
-64.3958010861
-64.5215530067
-58.3489754218
-81.9307015321
-59.0801408965
-112.479433898
-51.5570337427
-89.3889325957
-41.5332694279
-72.1143493501
-73.0656489566
-36.421862794
-63.369663466
-58.415073277
-88.6538941468
-70.1770365088
-59.7346627967
-37.1461075773
-20.3666931243
-61.953561353
-48.1559083785
-37.0502085052
-52.1615515624
-134.056090467
-59.344115049
-176.34764325
-63.8645579716
-54.5057909941
-72.1764391405
-35.9035251321
-81.3287250411
-147.314772535
-37.4734397944
-63.7632539456
-84.2804171027
-34.0712791997
-68.2046385986
-27.7642282387
-98.5371914792
-84.7158617261
-21.7049713121
-72.269013496
-32.7338285611
-141.057896719
-91.5154671248
-77.1983648655
-103.477552474
-109.244165696
-78.1035626054
-88.8404490172
-66.906298125
-52.4342449374
-39.9840103808
-99.4144041935
-55.684404381
-85.7895382441
-110.180727333
-112.682691146
-37.3901767683
-91.0070974825
-94.3448182524
-108.992296837
-41.3482904981
-78.8916775167
-69.111663442
-45.6412222541
-43.4607754749
-53.6134374638
-267.969074651
-45.6444770692
-91.2669532044
-52.5354488434
-38.6893981144
-64.7183182755
-51.0073384663
-96.2949207974
-52.717802391
-38.9390665857
-140.184959112
-218.740891906
-72.102964451
-115.519226697
-138.586888694
-71.9269395142
-51.4946106119
-45.7765979125
-113.779563249
-129.972800991
-98.9606800492
-91.6222984193
-136.705050733
-141.950954806
-69.8806634282
-34.2826373828
-98.0998700397
-49.5958529866
-39.5454441683
-212.778732115
-137.025373874
-74.7280757629
-42.028878774
-56.9152172242
-62.1905971691
-102.094573801
-50.8547264631
-79.2403183434
-146.937369089
-19.033967315
-119.386620157
-18.9621275115
-111.858863406
-139.364039111
-52.3830125112
-84.0963884601
-38.9867646896
-65.5813796923
-47.4253309081
-35.4913643921
-136.816364702
-101.070228645
-185.138247323
-50.7273112542
-38.6712382705
-43.1523361438
-55.520453302
-107.655912869
-125.606287512
-63.9812678261
-73.7644738925
-26.6074367851
-97.2119267174
-40.7370588086
-97.579877907
-62.0643991492
-58.8546572905
-53.3880554113
-55.9684297793
-67.0412580729
-25.0806915431
-37.3374164459
-193.495721549
-84.2612674235
-100.774413594
-27.3917301567
-185.859837585
-28.432472859
-21.2577747678
-41.2508033616
-64.1769044723
-144.858046511
-81.3751996731
-23.6470194187
-55.5552091366
-95.2596119021
-45.3649843294
-36.1401270987
-116.066416484
-44.4537054862
-99.5805951277
-81.5138982737
-168.354047639
-131.216237339
-58.0490541611
-91.834544547
-101.008590835
-111.417515522
-75.8196406566
-56.7631124819
-74.6002692595
-103.518288436
-54.6368309889
-30.5337839886
-229.536741812
-101.175150171
-127.440113145
-124.6342159
-251.438252536
-52.4163082119
-176.961726083
-100.385047803
-87.2183722448
-88.0147311075
-40.7520249255
-34.1859632537
-23.0681963945
-91.2618204399
-26.6266853645
-156.949990237
-70.5867384249
-55.0116749112
-104.287438503
-111.135495827
-49.2982411286
-87.6071410641
-97.734073281
-32.3560876084
-96.0779772188
-39.8478549522
-69.1781309728
-154.113407
-101.413182262
-50.3999255349
-61.0624857561
-71.433747662
-101.241181615
-66.8127421538
-118.264961227
-34.5038861538
-107.130324382
-89.7239274358
-125.943321197
-147.45454301
-100.178481383
-71.0649435235
-39.5632314359
-65.7718509709
-134.713148982
-39.9187951595
-62.9815863256
-36.947750628
-73.2425465944
-140.034595392
-141.692470548
-82.8830220473
-58.2063245454
-108.008215285
-122.306457454
-137.237793346
-96.2571709344
-96.3635446882
-61.013141173
-77.5605900818
-73.7226972322
-84.9358574726
-55.4939055621
-99.54508029
-33.6154698473
-127.979901941
-72.9127176305
-133.96059762
-44.1270351117
-76.1690652508
-126.393586237
-86.8158649392
-135.065073887
-84.9954273131
-95.4669035325
-77.5008367464
-46.688596082
-73.8521480915
-137.492948958
-91.8204874774
-67.3988760617
-93.6110937218
-56.6288885803
-66.0344454658
-38.0956577348
-82.548059937
-65.7656543402
-143.143860533
-135.748082039
-108.042784115
-123.957231246
-97.7746574498
-32.7266509237
-39.858249173
-87.1562392878
-199.28702637
-151.16661267
-94.1935694872
-90.8467378752
-44.5745794551
-69.224715791
-53.3580259556
-65.1593191536
-73.9337047274
-110.620656645
-134.928203168
-136.406333411
-56.8679140807
-78.3317221452
-121.713534046
-52.0176978055
-82.5925998418
-28.7269551178
-132.198129708
-132.802923737
-139.85896228
-140.666142681
-53.1146679713
-98.2898550712
-100.754631918
-58.5120612499
-208.33684496
-48.6480415363
-94.1951316565
-52.8331679314
-72.0680154251
-87.5148392181
-79.895532053
-69.5316035028
-119.673191607
-67.7233018749
-124.93504262
-63.6797820566
-53.0149402681
-77.1538676463
-101.813820633
-92.3056245799
-113.351146018
-121.357730478
-120.836533949
-62.5573132525
-109.43281134
-83.3127446294
-155.018125788
-187.639397823
-54.5630306317
-90.3844549809
-66.0307809347
-50.6707839146
-97.1168589881
-72.7662599963
-36.1700299507
-34.0639995127
-89.4095255075
-152.856993645
-70.8306965986
-57.3335711468
-75.6104855687
-79.8195331071
-123.129860788
-102.601400627
-55.5687585278
-69.8332153007
-98.2828682503
-58.0930035534
-93.160460415
-230.787383864
-76.1234315168
-21.130091754
-27.9611415336
-154.099851693
-90.2338395552
-193.548567207
-101.675322383
-89.7000501322
-32.8900310467
-96.7510755495
-59.3939447153
-93.7356294695
-136.222578755
-89.5522851036
-161.889925977
-86.2317853796
-88.6098503811
-150.921220969
-97.1867915782
-63.1480344126
-102.618181813
-77.5289655829
-44.3606036724
-86.9966094869
-144.706792197
-56.6581486314
-126.190828336
-109.766785427
-137.84054862
-52.2446468355
-72.2476642935
-31.8544888793
-45.8429817973
-54.5922188962
-97.4245562523
-203.082093556
-84.422188866
-34.1911781294
-24.3211558738
-156.703911279
-65.0565816658
-181.072354061
-88.7989540081
-131.64524951
-229.553496836
-36.5492553321
-82.2170381437
-63.3939258105
-212.357833307
-82.0868324457
-75.0263853734
-71.9051983719
-40.6278344131
-90.2398305817
-129.489216191
-115.666784101
-84.042634162
-49.8925058817
-116.272859786
-97.944623586
-125.258269358
-32.7545898589
-181.148610637
-125.285924411
-78.6650060984
-64.9826009554
-107.645291363
-132.559609689
-128.224328843
-74.9010602905
-95.259003143
-109.837950752
-27.2536294708
-85.3714829309
-30.5550434735
-150.033574992
-143.147573893
-36.5741056103
-46.3676023443
-90.2653964927
-50.315088013
-117.035193
-71.4981506716
-55.2297144913
-26.5383276546
-85.3696074863
-118.604559307
-48.2385715971
-46.832021173
-148.380354717
-46.0539141349
-104.101277549
-147.193852908
-37.2709369691
-78.0204403806
-28.3905574268
-90.1326281087
-45.7654386093
-152.016034905
-116.966712715
-154.222415376
-151.764804941
-102.084449169
-115.247673334
-111.566849095
-60.5663089037
-113.812293171
-150.388952533
-107.475540603
-112.497345043
-94.8771408982
-118.220955608
-118.705933491
-51.1264281214
-101.021409889
-122.113560585
-117.296784529
-121.91192068
-125.460526783
-48.1481046879
-45.1748485772
-60.1642695454
-47.8223272989
-76.114183518
-74.7298870607
-142.715687046
-77.5643650782
-143.622321604
-63.0818896302
-136.626813831
-80.6163277927
-138.077865638
-61.7082329439
-35.1971756165
-70.3858293355
-117.925001272
-68.791680615
-91.6594246193
-49.3855168493
-51.5082115318
-73.2244036622
-65.0470527392
-106.742407045
-42.8197321887
-69.9096187202
-105.83245075
-41.0092084851
-43.0434165691
-24.4776301839
-65.5926278699
-41.8868485252
-93.7990607615
-103.726014261
-85.1808415246
-41.0620903564
-94.1422640828
-76.2911068889
-98.9196152647
-88.4951243839
-60.8321357853
-113.582528187
-147.425545441
-71.2558123222
-113.473898555
-85.4489169313
-86.7593492912
-86.574786678
-229.18422248
-67.2591751802
-94.7853785396
-168.314448829
-126.964435379
-35.3103337713
-79.239294861
-84.6206946177
-103.856345269
-90.792220672
-115.630214104
-108.142064193
-154.972055851
-72.2691483117
-332.084102984
-115.509133113
-55.6092663969
-81.1325998243
-133.381316606
-65.6181682554
-69.09512371
-108.976893988
-50.8728482491
-53.6282786981
-152.627391933
-117.699285107
-78.8804882175
-89.8528789793
-42.5666527435
-110.614264486
-31.4197130852
-39.7775712972
-105.234549441
-290.376562957
-62.5874034683
-37.5058069797
-63.7789529311
-39.5906806156
-125.948694511
-67.6326321494
-35.3314878861
-61.8893951027
-66.4549671284
-39.9904836946
-79.3509375908
-208.738624741
-131.69577393
-83.4775599683
-163.568970245
-95.0961511499
-63.294314403
-47.2673895281
-53.3465023823
-80.1995392754
-102.473221166
-59.0332435881
-54.400267167
-35.6774820485
-53.0014419941
-36.6157067375
-125.898712836
-104.769785028
-85.7356240098
-93.935968804
-96.5336141541
-88.4249283153
-83.0530023281
-104.666028486
-68.2199724594
-51.4029339715
-46.3603966838
-43.3546879283
-121.171754865
-75.2311398507
-92.9258334691
-57.905520519
-60.2723788961
-63.7672675103
-94.000753241
-87.7697256383
-42.2331596567
-86.8857915355
-61.5611183106
-67.1992143977
-125.815247061
-157.422108107
-129.527777215
-157.339285429
-105.410081061
-91.0693498328
-44.723147919
-210.699620472
-126.287455195
-130.514194681
-139.664354626
-147.918161471
-188.39638796
-139.352170594
-126.707295278
-117.707180792
-70.6846742091
-71.2920620125
-112.337896058
-51.101001876
-112.032679012
-193.13560408
-91.5902114934
-139.103295882
-45.8893870152
-55.1120330449
-109.974189713
-98.3610285511
-128.892688153
-52.6863668876
-56.4498926655
-115.164282653
-38.2541823839
-48.8838641257
-122.224375906
-86.4981660496
-62.4714830885
-66.4411924279
-23.7850415159
-163.938727819
-102.968920075
-98.7135416605
-59.6110636367
-25.575845841
-59.005424586
-84.3883792192
-78.1418128584
-66.5595538923
-59.6172930296
-103.367063707
-143.373117872
-62.6888132203
-173.500941814
-65.8157530593
-25.0959983959
-124.591921885
-142.912562684
-101.79571488
-82.8542395022
-112.594550074
-108.793457443
-82.0698263156
-89.9455774414
-99.8343735989
-49.8743663111
-53.921094901
-81.5047185365
-96.2218696819
-60.5840106426
-170.769133868
-88.1904313268
-81.6289597364
-77.373813774
-54.904593313
-41.5994304464
-45.0509355413
-54.0485932664
-43.1354494003
-46.724782003
-47.7245406113
-51.9713694382
-45.4229631679
-61.3930975962
-27.4594949786
-76.8909386848
-42.793072891
-54.4437894756
-54.5034858735
-47.5009890772
-86.4618774831
-50.9717761276
-129.475466547
-63.2670816754
-40.4883109801
-31.3558570245
-139.649555464
-47.6357999055
-167.228906844
-171.98451321
-90.6180765743
-25.5440944402
-67.1642729017
-20.1909174389
-87.7806138456
-66.7808289873
-182.319370514
-71.3624792533
-32.5813261906
-42.5581464835
-88.2154833712
-70.7020538361
-47.126929899
-106.526330259
-162.220964048
-78.0989653754
-123.693840212
-86.3658876222
-101.92588537
-148.573578783
-154.890297376
-33.9494331983
-57.5831743468
-144.603269487
-20.5184451932
-83.9943337612
-66.1471586634
-91.8387206794
-103.727614171
-227.946670375
-163.063517341
-43.8745568792
-131.667168707
-80.5538459636
-154.258366582
-43.4621904524
-23.2825028466
-39.3590380412
-82.5785197344
-57.102851756
-30.9761930828
-46.395254737
-36.988734856
-60.5666068778
-95.4829601041
-127.134513254
-36.1685771522
-53.3505750532
-102.041442287
-68.047815642
-111.515683547
-103.37450368
-68.54800074
-105.837489503
-124.515517762
-86.876382014
-110.857789988
-59.9020826907
-99.7197118164
-99.3271960867
-39.4263180344
-143.622148015
-77.8951184024
-60.894742728
-144.319894972
-25.1887325924
-50.5490934673
-98.3764729696
-72.418143895
-84.7979763632
-94.1821138348
-84.5536285053
-34.9146406107
-169.497473809
-56.0502888655
-36.7158827081
-73.0060858746
-87.6378301744
-92.1249522582
-39.564165448
-59.9154189564
-108.903095477
-63.5748565411
-44.4147029143
-96.3060143812
-74.1077857181
-56.9541320941
-111.181860891
-91.9874344898
-86.9452293535
-86.1517703256
-44.0000832961
-93.7653190919
-167.146478225
-223.540874029
-66.0254887377
-111.975395409
-86.1360485783
-72.4408683101
-111.842130837
-51.4278261673
-83.3355179455
-32.7192417729
-114.476045568
-51.8179982953
-43.5335565194
-41.7146973362
-39.0055622759
-91.3471876463
-77.6483190041
-58.5118643745
-41.1490887288
-89.5784018929
-84.1379819711
-99.7255053592
-43.778834707
-37.8113411249
-57.4892386011
-59.3173572575
-91.8745150528
-101.271597157
-93.0187208974
-65.121175449
-48.8766063928
-75.1981182099
-132.958840128
-84.4339045625
-31.6795645789
-73.6550678421
-75.3639204037
-66.3748697226
-49.4810804071
-145.213622587
-60.0777652849
-102.824616576
-157.354303416
-79.2807154522
-86.4319775095
-152.893184481
-132.157855186
-98.4424639817
-142.1201927
-108.680498815
-93.0607930682
-73.7547308361
-146.355433345
-72.8239734477
-78.7344974963
-59.9666401509
-249.272545331
-95.2817442727
-65.7096063946
-39.7940489018
-146.067773275
-116.186406131
-106.240490163
-90.6772674161
-87.1322468364
-59.1286751031
-81.524830865
-166.097111289
-56.2460587853
-114.240353959
-170.844236831
-76.0852602535
-150.743212421
-81.6112946116
-132.665089746
-117.904413101
-81.3370401361
-54.4863994062
-96.4535919592
-59.2491085866
-64.7498059914
-18.3437050636
-45.7692508615
-93.0250322635
-124.265335837
-68.0329675343
-175.799142698
-142.538480788
-90.4829497199
-62.7731785535
-113.301548735
-60.5360928409
-68.1033697964
-75.0151566946
-62.3756642018
-123.290412231
-191.16805402
-78.3690688623
-35.8360852406
-40.1348838713
-45.6368726884
-63.8795918462
-108.279227294
-118.485482233
-150.030517825
-51.4231919829
-51.0680220054
-99.6046594175
-147.646708845
-130.890653027
-178.528495465
-110.681862057
-100.732021734
-147.01126618
-86.1060235347
-113.63386744
-135.884426686
-100.550478361
-74.6182532919
-183.361094197
-103.510512148
-71.7490791776
-89.3275148935
-73.6736835164
-84.4818419176
-145.225403772
-46.7402444594
-37.876871439
-37.4048330287
-86.2241350298
-39.0228730052
-64.660976978
-30.9709120993
-40.7430806554
-80.7819239615
-52.7170290092
-52.9851035974
-72.772092112
-19.3775403665
-36.2442570657
-39.8274026916
-61.8847371
-62.6327762576
-34.8284360327
-25.6772108191
-37.5266365574
-104.935133468
-30.626475827
-40.9789630006
-118.807266101
-50.6484424049
-39.4115699083
-22.4335937931
-49.9096331756
-58.643276158
-75.8634783702
-34.241322833
-50.3798995494
-44.6934368365
-31.9177771454
-54.8756196479
-25.6428493281
-46.6243413129
-47.8587049561
-73.6541002583
-74.2292179264
-36.3163860544
-62.9879565369
-94.3331345145
-148.904021916
-57.2664786931
-75.8683035873
-95.998655944
-78.8939459766
-160.117745108
-87.0439234474
-50.5661183901
-88.7804403401
-59.6273294787
-468.780961986
-93.6709839415
-141.797491533
-169.802905203
-175.346162383
-55.2980696584
-192.541721234
-219.105836463
-112.833187318
-167.125064349
-83.8587129641
-186.897843253
-135.246967864
-87.6298333764
-23.9156755267
-44.2926071055
-139.186557163
-114.783721044
-132.512205359
-87.4911303701
-108.587963085
-143.124471895
-107.950436736
-79.1989634669
-53.8538539913
-91.7134206378
-27.4351338141
-27.7964401302
-48.5892094976
-31.415582647
-29.6187267489
-142.919854726
-124.383987873
-214.473570204
-76.284286208
-193.59478393
-85.5980570048
-126.086248104
-117.561001662
-88.429569374
-85.0614686134
-134.598763559
-70.4476070931
-56.9804982765
-129.467797258
-132.196805657
-55.7091760885
-39.2514028068
-27.5688365242
-24.4089923584
-113.445037176
-26.8922796401
-31.2479075207
-52.8855281716
-68.55745388
-64.6261048935
-44.5830104749
-47.7291046952
-45.5157969253
-56.0649842994
-58.1708155626
-97.0009004804
-88.9162346179
-90.1147089612
-50.6507660429
-90.0726291152
-28.5743492921
-31.4059538211
-132.822810739
-160.995499541
-97.3541271749
-93.2628395392
-136.606282723
-54.8612054022
-156.426910367
-133.3707386
-76.5181492057
-76.2985057
-67.5747407529
-48.5380246095
-48.9615344327
-46.5604933806
-31.7307227222
-31.8170518626
-31.6038217133
-82.1292867396
-110.798097411
-49.2186936794
-91.6184280728
-62.932630873
-44.6534082182
-27.8988841572
-59.6381577909
-154.974294005
-129.303901513
-34.21463253
-81.9950890048
-84.0789872154
-83.5424691796
-66.0909557084
-136.270645276
-63.3648126261
-123.780938222
-107.094538761
-127.837593764
-71.3898672768
-143.629006589
-88.4904724642
-61.6691404446
-52.8457825377
-69.3019818712
-131.342394161
-79.4927517132
-124.51705629
-87.2005694286
-71.5376718472
-71.0631495619
-122.253679541
-72.756180167
-101.291478132
-70.412205154
-92.7601694993
-100.639346502
-150.209993019
-91.2977061577
-120.809731087
-29.5840366818
-113.806397496
-33.8536201142
-82.1703528355
-63.9344074426
-136.657283199
-40.2555330144
-79.4085527241
-78.9269360379
-89.6967945567
-130.066198834
-87.2078680419
-121.059499228
-71.5467920857
-113.543320702
-48.1499197896
-133.454628773
-119.511387506
-96.5381263196
-50.3960915281
-121.189878386
-69.8491916862
-100.726672381
-81.2801675861
-25.2164580765
-117.644516762
-83.1099587254
-47.3806949204
-57.9077632532
-157.723516873
-138.785441725
-90.0406978044
-73.1924206358
-120.138844744
-101.460642626
-102.621783358
-36.9233204949
-131.085458369
-89.0784738876
-141.41402393
-89.5350226565
-147.063275148
-68.9077811375
-32.9017524793
-72.2739427458
-150.665687107
-34.1847107666
-78.0945215336
-69.4726225122
-99.3649877146
-105.208860444
-110.157126576
-84.7873125997
-113.961908529
-126.981012124
-76.2970491405
-93.4571944898
-184.586333777
-124.237239608
-73.9347789796
-64.9543625781
-161.949766699
-91.3295950267
-121.455029177
-28.9889893379
-21.681805409
-62.3744685913
-50.8849467792
-37.2945415792
-25.7342036664
-79.8266174341
-73.1118543901
-54.1524786485
-38.1209801939
-62.7153080941
-97.4247758587
-92.93837448
-77.5947497049
-55.1049635599
-59.148592498
-103.901479261
-135.107361011
-40.4233622909
-92.5490134699
-88.3777000024
-84.6549011298
-37.9523169408
-128.455584649
-46.8705998198
-88.9327546016
-72.2122558641
-81.8429678557
-64.4385758763
-89.7975284242
-38.2296691496
-53.0811326592
-65.7394021267
-23.1898317819
-70.7072554692
-98.6729457971
-72.2725375648
-86.1504701496
-47.2140060298
-75.7604110812
-21.5492994282
-50.7409664144
-43.024504746
-81.7573535071
-50.3533740229
-69.349772595
-58.7786855742
-67.0613417671
-66.4659708461
-36.2152582686
-22.7980101112
-27.3392875581
-41.4620081306
-35.1658494373
-64.3618257685
-31.687361036
-50.6137128696
-30.6108852747
-50.9078418582
-55.1817728661
-88.8226046375
-57.7461143977
-150.680152258
-118.41786517
-106.673458166
-79.031553192
-149.935867417
-63.2435078737
-110.167196816
-68.5846925801
-70.5467293679
-105.019609249
-73.0905721658
-82.3408706912
-33.2482357311
-55.0620452149
-92.9315454718
-64.774975958
-68.9955685869
-100.297943187
-73.4654810815
-71.9997710153
-41.3825409685
-73.5912532441
-65.8202052494
-58.1794421517
-66.4479963634
-96.1346787702
-42.4102549039
-48.9406488689
-49.2850491382
-78.2426340233
-77.6486120698
-44.4054839606
-73.8503195409
-62.8281060853
-70.2976106889
-81.8612699144
-32.8827496218
-79.306270356
-164.445500225
-63.1728831328
-119.255640829
-44.9022715556
-82.8863552398
-66.1974830675
-25.0300266311
-58.5235633613
-40.7563838887
-82.9513858803
-48.2572020184
-88.769813791
-125.992090327
-100.885687053
-94.9968397795
-69.0659452067
-69.7831058939
-70.2624060256
-58.0082628242
-92.1592020208
-88.5640242941
-92.8978066274
-66.0914969137
-106.353118808
-63.4752988516
-82.9038401944
-128.211116305
-119.814636249
-68.5212725725
-42.9428884169
-59.9999436817
-128.127795615
-92.0556183012
-124.651442992
-44.5485993499
-26.2241857522
-61.9761831389
-45.7445247403
-46.0938995921
-33.8746918452
-109.147429462
-104.951377903
-175.844012572
-39.7939860095
-19.2177558798
-63.4850294267
-21.3525576999
-21.7624259195
-69.6291686419
-92.135097189
-35.6886468564
-23.0081759229
-24.3309949493
-50.2267771018
-172.12052982
-59.8194956447
-84.6660122666
-44.4972405678
-134.055065836
-22.6007321236
-68.7077494446
-87.216581087
-111.907976012
-199.672165335
-43.2231639027
-101.749553138
-60.9565080432
-21.6623719812
-52.3179480095
-103.707428396
-82.4961563109
-104.59113167
-57.7588490912
-144.180937428
-99.6684789315
-149.502547835
-78.2036031775
-60.1643887622
-28.5872226636
-47.6560573139
-23.2966279985
-85.2399776364
-53.6935594433
-71.2400485784
-39.3075797656
-118.181150909
-77.6725810028
-197.961597263
-129.420332162
-85.2734403431
-127.161645164
-58.1419883483
-46.375642611
-75.536667607
-186.252638969
-79.8733450037
-122.448373818
-69.4230997626
-142.889945325
-46.0842585038
-25.2526784056
-68.8868881516
-54.9986030675
-83.6933268372
-133.58961352
-70.9585211925
-135.504200598
-112.019025133
-76.8362310875
-118.694417247
-59.4061674992
-117.642215481
-65.0925119029
-63.2767331672
-61.8006905381
-111.375305094
-45.909241368
-85.5678330962
-106.582759327
-86.1464656893
-133.179929263
-107.99602052
-84.2306407882
-54.4696008299
-72.3623454195
-82.5710366725
-78.0332579684
-79.8727112251
-39.4406365849
-58.9597600009
-91.1771474564
-79.7797402149
-59.9949999303
-48.6685739641
-44.8377864977
-83.8283914425
-31.4716323625
-60.3449034992
-71.4738707885
-62.3683215566
-52.0340753253
-49.748127431
-85.9953366702
-91.7015794195
-42.7250532213
-73.9703117412
-35.6692532722
-55.8970490247
-96.4139869349
-30.047859137
-69.500309686
-88.5937052168
-76.3917785148
-47.1017919331
-74.0052158055
-173.711131694
-80.1603547312
-81.8801499874
-108.466690327
-74.0812111496
-158.48643316
-94.120840007
-83.1229172867
-85.4472491542
-62.5511477239
-65.5418649779
-119.62937
-67.9853511427
-84.4488901053
-42.6013810351
-133.21809197
-128.362437069
-115.509482238
-117.569496671
-95.5307847429
-299.814392299
-95.0896922275
-107.881994511
-106.451634022
-99.7848039474
-88.7635759848
-114.37637715
-68.4834874588
-194.402958747
-96.279950353
-91.0675617896
-119.561774607
-69.1886895708
-49.9816547816
-102.834004872
-77.5891765579
-39.531268008
-44.1423349508
-78.3956520359
-123.303873039
-107.930603933
-70.626408888
-96.5201802078
-79.1893475956
-69.7330547145
-114.383084184
-82.7663184244
-57.8740834896
-66.0996162557
-115.798466911
-129.14505723
-241.074049727
-34.9484733399
-293.388613883
-96.4084599711
-114.611020168
-43.9071883764
-79.9580137586
-116.593062671
-105.507969737
-147.08073394
-78.4407510253
-90.5186989967
-138.813557492
-115.097437163
-204.59291343
-169.3253387
-68.0536398113
-194.137129363
-178.24830441
-106.16832981
-94.3571046969
-70.3050615617
-76.73939339
-105.538002018
-65.6242945484
-121.177438324
-39.9516297179
-157.253905911
-108.853513034
-168.753672379
-39.0197183321
-92.2326233547
-79.8843657907
-120.187546826
-148.393599106
-42.4045410856
-40.039366976
-43.5118839148
-52.7426163217
-65.792321517
-72.4883163943
-68.5705153726
-34.1447797933
-70.0759220863
-93.5563171824
-34.0023535822
-34.1966761928
-64.4699298826
-74.0906413562
-81.4882464816
-76.9747635655
-182.358317897
-80.77741629
-43.8154379326
-53.2438345221
-36.628967638
-63.5352836996
-178.539610483
-85.6145782473
-69.8207222378
-72.5743100903
-103.341541939
-91.1122230647
-128.532395054
-36.2419010893
-27.1880662014
-36.0667291868
-26.9808097083
-20.2950880191
-32.7812091447
-74.6862692955
-34.8147751005
-54.225857754
-34.222578187
-48.6488268158
-25.8403500621
-35.9531102043
-34.8964372264
-71.1136573318
-30.713410998
-28.2991248291
-94.9475653676
-18.8671266441
-38.4375781357
-21.6681730022
-27.3041314568
-40.9951780412
-36.7406629194
-18.8949168172
-57.9403912352
-22.1981611426
-20.8536620243
-25.4776000746
-67.8785012998
-34.3796302862
-27.8035130238
-54.1031715758
-27.0237432168
-35.8637563024
-69.8656259115
-46.7007820612
-44.3053517341
-48.4567825874
-54.4966500236
-143.828110472
-89.7420012526
-59.962672778
-137.172128065
-81.1564670259
-80.6547722747
-127.496646826
-77.3457396311
-53.3782944088
-97.7256406858
-85.170618649
-50.5706020015
-107.332735578
-81.0716367348
-66.8450187469
-113.141837419
-68.5251911097
-196.90173694
-108.041437554
-86.0135685666
-112.726119364
-136.535894282
-126.041346694
-241.14190508
-135.715868816
-223.100586494
-179.093949863
-189.358694522
-96.4897893512
-57.4334592989
-46.9933467697
-95.4165324296
-77.2358996277
-100.111304053
-60.1923819647
-162.443308816
-97.5123297215
-104.125822387
-92.6618003723
-143.709216927
-57.9854994123
-49.3565723332
-83.0982319645
-81.9989760211
-66.8352496661
-73.8542647902
-129.146510757
-48.5346486806
-93.0303337651
-128.760275998
-64.1579727988
-93.9729156673
-103.205554072
-45.0785741621
-52.1903430828
-95.3963494343
-86.0716339329
-118.619034437
-63.8472008669
-164.737763001
-95.5439109044
-23.6127664461
-101.143800672
-51.2155830315
-38.6645149378
-104.933454516
-56.1839045597
-76.330037614
-129.088307361
-128.201560024
-27.2225886319
-35.831622857
-27.4712920035
-34.7201923444
-84.0889202626
-111.449612768
-58.6672657317
-85.5090792225
-130.403554399
-138.997639918
-80.1444290405
-34.7581238924
-38.74033678
-55.4912846089
-106.319406696
-106.494461092
-62.9013243047
-43.2502600446
-45.084368051
-56.9002951951
-86.0319521883
-130.170672989
-117.580275014
-64.8639246235
-68.320864259
-164.869447943
-87.9739784671
-66.8573857489
-43.4526068357
-130.658812156
-87.7437869844
-92.8390032334
-54.6319277706
-136.190880568
-176.019057617
-75.2205731904
-51.6290743604
-58.0914280069
-115.653223686
-89.8643166375
-91.3701666799
-134.074474183
-120.848299458
-245.096610085
-132.615227393
-61.8028174742
-125.526937977
-82.5332087517
-85.133669483
-66.7103116082
-81.177707994
-144.767211293
-120.984618125
-144.182772625
-72.2493016313
-44.6900227044
-108.942470715
-91.6668875637
-148.308014825
-70.6906547396
-117.068240885
-100.344487066
-161.512046573
-88.0097287546
-84.1660701816
-115.185277847
-79.7724793986
-52.1100336764
-102.645066711
-155.703395281
-77.4032263753
-46.6303644814
-99.4770341612
-122.074193858
-134.200515925
-85.5364751248
-50.3435381683
-67.1270647854
-148.822610449
-138.298868611
-68.9979811453
-34.0142704502
-82.7095528215
-116.415491288
-147.72691991
-149.319637607
-194.352391374
-77.5905226754
-49.4422657738
-64.3012268553
-124.855304337
-85.2829296311
-108.851773233
-142.67564037
-79.9955415235
-67.5878834271
-126.92976744
-84.8170318463
-130.4241458
-49.2079269603
-127.652983657
-83.8093942884
-163.396573838
-114.527573796
-118.878427016
-83.718571287
-34.7555492291
-113.881373794
-98.4497539364
-153.943658922
-75.4567315414
-99.6827448891
-57.5774658284
-85.8878272551
-167.398084485
-69.7545042519
-130.645866101
-71.8608489698
-43.6357848363
-105.352805855
-145.857656007
-59.902431621
-146.609582948
-55.989585123
-76.0627534721
-95.2556732093
-94.5302232831
-127.967547637
-99.4770270952
-154.033058859
-67.0718333439
-93.755612902
-109.934656418
-82.5108011608
-38.1153006142
-120.426716282
-205.115326702
-84.6086917011
-74.1181519497
-87.0500476809
-222.621358797
-184.779811329
-148.471696888
-385.655360031
-192.52640994
-196.90732389
-176.38012856
-132.699657157
-103.970073943
-101.603183138
-56.8714574165
-63.8242963072
-69.3779691305
-202.82967106
-197.387440094
-59.3866077566
-45.439848152
-180.301090096
-135.74069477
-131.694299027
-21.9348310838
-127.981347099
-131.727769911
-127.751786559
-170.166028263
-164.859619804
-102.827145497
-191.445181377
-46.6037984975
-120.620563362
-98.6297937096
-67.6891246215
-91.5899167401
-108.613138396
-84.6191559902
-82.3777524419
-213.983504206
-73.771731705
-117.363526319
-149.194816489
-193.396847192
-38.9054624381
-104.931834933
-109.517086642
-117.019432408
-111.632264818
-131.493477444
-69.803846144
-21.1079310663
-105.896977315
-155.323007664
-126.386884488
-63.4317921903
-46.4310381291
-115.777568189
-89.5592199778
-112.220696862
-54.9969672013
-160.646654275
-73.5190901702
-51.8590072826
-51.1266609289
-133.395325092
-64.4241446403
-176.515300695
-126.693208702
-50.3506066021
-71.6341963724
-131.310215169
-82.7760952111
-200.9258714
-46.7830553959
-94.4430958028
-80.0919917959
-266.546715543
-54.6944678311
-91.8130950385
-115.558134803
-109.518780714
-42.7150312544
-93.8379419481
-99.8653770868
-60.5642062266
-50.7839677906
-137.9806939
-71.4593108987
-66.2676297755
-77.0856615471
-108.669863421
-31.7713870243
-179.617898273
-52.1750093653
-124.937985729
-64.8754072306
-182.107420368
-52.7801399572
-42.0840328327
-299.062395238
-261.992062417
-45.9523192511
-175.996195157
-206.966959763
-157.947717545
-220.960844904
-46.8365116934
-30.4867421405
-142.344874731
-71.084822292
-112.967066482
-31.248536935
-55.7387847123
-38.2576521679
-47.1802026901
-76.6996286329
-71.996961543
-55.8898637183
-103.939881578
-39.167606736
-67.5084952738
-94.2028259319
-81.4701258181
-24.1111241524
-196.570814088
-68.1864780269
-81.2728869558
-32.5305289279
-62.272627958
-42.1744846523
-128.548156757
-23.1731382521
-131.301667724
-136.205065969
-105.871172045
-88.7623570043
-154.956282151
-19.4672659592
-72.4192284144
-127.196078059
-77.9585611605
-37.1008088284
-202.871914969
-121.021194909
-48.9282562245
-162.175671696
-224.974219048
-72.3308314995
-177.688040422
-159.721526158
-88.1493776522
-76.1314951794
-74.11277119
-60.8612001835
-17.8505626842
-153.935931815
-130.571603745
-112.10668388
-65.194439709
-90.0362469198
-57.6861586129
-167.163539745
-18.0335748829
-71.2727052265
-100.537875193
-153.301082979
-70.6936162519
-71.2565972515
-164.108207727
-139.394079275
-59.0974017895
-149.004424666
-26.1780560088
-51.6260020166
-19.0521368345
-75.2692724607
-149.390653954
-71.5820925792
-20.4710108429
-69.8509169198
-69.4773964442
-172.705641724
-98.3642034399
-67.3527427137
-55.4848827939
-109.139615265
-132.559746797
-100.829142274
-81.4316167787
-138.44966031
-80.9285152503
-109.1470327
-115.856663439
-55.0036574217
-47.818767431
-65.2179116784
-71.7168587896
-144.885448985
-99.4323272703
-85.834358982
-74.9373444843
-110.827514356
-210.833081029
-56.5808929471
-127.909049226
-84.1026691717
-174.593739746
-100.082874549
-129.289107629
-59.1566736863
-48.9416618999
-44.3551582446
-169.907134851
-19.3868278966
-33.9676230508
-102.602057908
-67.3381856106
-101.980854645
-97.6173032096
-79.0574114969
-97.9610195597
-74.5656216947
-112.588137245
-71.9928359743
-146.073262613
-60.9476972882
-147.644718057
-128.403590549
-123.72110308
-117.795521052
-105.076991709
-126.773906474
-86.4023345341
-117.440588137
-30.5809976867
-141.768453443
-86.9692387428
-73.9176119383
-69.0626477694
-25.011927194
-129.894515745
-252.721848013
-86.1832351858
-87.3649996698
-72.8269637391
-61.5363015052
-73.0063996469
-76.54033234
-86.7019456781
-77.8408952024
-121.766080443
-69.1765516476
-56.4215546314
-148.403717983
-273.606586004
-42.1378744275
-112.406534313
-300.092954555
-106.658598341
-94.5923225546
-97.498546488
-89.4581664312
-137.010569712
-128.999022057
-155.547351283
-157.893990354
-98.8809203822
-85.4130902792
-82.8097200321
-25.1606531071
-30.6911644229
-49.1976721901
-117.237505544
-28.5539969885
-98.998405387
-31.175378284
-95.6150164033
-76.646385455
-70.2844111485
-84.338053081
-118.546332859
-101.557000124
-84.1170739151
-38.0010984662
-66.5620134175
-64.1664603875
-52.6927130879
-44.8747228034
-51.02054582
-130.479830903
-131.063647947
-90.0367058803
-60.3577287813
-108.769391805
-70.0991460434
-273.238038483
-20.9230566512
-67.0858488007
-408.788514866
-89.3940787298
-65.8072154253
-91.7034774855
-108.958803746
-124.455326651
-97.7610329523
-29.0562977534
-86.8697310698
-148.810797169
-124.789686082
-79.8419402584
-35.2889795975
-46.3674414792
-94.6562517912
-52.0697431693
-36.4412027135
-86.4930197791
-60.2895308383
-59.7807111496
-116.422689104
-49.9790463248
-42.1532575523
-54.8890141404
-118.602942236
-125.121254884
-155.358293662
-131.420445237
-111.987453042
-106.222909357
-96.9363597915
-169.871330713
-120.510020833
-179.171740266
-209.885534308
-45.6244171877
-36.9239969746
-94.9140398567
-64.8182452849
-30.0460117139
-89.9739523348
-94.2357131109
-55.2988523319
-86.6526210702
-48.369088795
-22.8343799194
-71.0782018668
-38.2560876991
-87.9759533934
-64.7038465601
-73.7644114339
-24.8947148425
-39.9113592273
-22.7005719395
-83.6474420938
-129.847381729
-96.5161619469
-83.215713722
-19.8657425108
-53.8078353588
-71.1209861422
-36.9231054478
-33.9039744645
-78.4720338983
-20.5468689684
-69.8259124204
-55.8066418166
-36.5984547591
-51.8805876729
-100.268472081
-80.6671418971
-21.5270378505
-174.757975652
-66.9944314044
-22.4355585926
-18.2188571196
-48.3532984259
-23.2053829177
-202.272162026
-28.8580562399
-19.1357610368
-113.072165866
-29.2105611551
-64.4077614554
-43.9831209227
-127.453217421
-130.760681766
-63.3527149077
-46.1735014127
-32.6000201297
-51.6960150446
-140.245805736
-60.1530016485
-54.5727892645
-86.1498461714
-96.0224442058
-175.010877429
-56.8400874789
-98.3496295584
-64.5629396034
-34.8193171945
-80.6851579629
-104.688587294
-98.1398482709
-67.5279904168
-76.2760101598
-120.32953029
-103.527557303
-103.41096152
-96.3440998469
-82.4197106866
-149.603565109
-162.948042488
-82.40615731
-124.996573621
-34.1190368779
-36.2568353729
-133.136221806
-46.2359563174
-68.9311203307
-145.132842758
-220.868260506
-138.023147626
-99.4071715853
-65.0328134446
-105.334072604
-117.771869717
-146.029527098
-112.862738935
-39.86824137
-22.6715167367
-31.1194800447
-51.6413403734
-89.8539745906
-21.7147682829
-23.5444608345
-90.6762389357
-155.288183246
-139.775154167
-150.444891538
-66.8241540714
-75.7764901497
-85.3193204674
-154.206639506
-98.7110215778
-57.7247572507
-111.156581679
-152.43761453
-68.2402325721
-69.9089225781
-62.1108798649
-55.0252649614
-93.6376324634
-47.1493135751
-56.0598225319
-68.5468710858
-76.9281013982
-123.693320362
-77.8183373321
-102.61830167
-44.2561800503
-58.9631000651
-81.8284944033
-88.6316235238
-68.7747480705
-71.245214398
-121.435171023
-95.9004787854
-73.9126407641
-86.5570065499
-71.3527516172
-29.0274973374
-74.655990581
-62.055290223
-61.2074436377
-121.572842696
-82.7364118835
-57.4054095867
-62.6486196699
-51.2459933449
-106.56334856
-97.0729237353
-115.852299169
-65.7906195053
-62.3538407213
-77.3768761673
-38.2658436945
-29.6290704416
-62.7873906716
-186.015163708
-126.89027472
-83.389465364
-61.8816263584
-127.271870479
-69.1409870853
-81.3035626342
-137.981534403
-93.3449904305
-110.554752581
-108.548553188
-78.3693289591
-95.7376437587
-100.862638702
-85.7565104023
-49.9747300944
-47.6949653106
-38.8082738821
-189.532230883
-51.8375478344
-43.7669624373
-68.3239149256
-166.176098179
-83.1386756276
-181.620186306
-127.328904426
-59.8468812004
-88.8362287903
-276.844141782
-58.592179004
-26.8709601941
-129.19079095
-77.1061889927
-128.278014338
-132.131202024
-30.2730297793
-56.9674423961
-39.6546508069
-97.1374445089
-77.7288649547
-57.4995156355
-156.330189112
-76.9937339239
-80.8240585127
-57.9107968817
-100.100555671
-70.1662869683
-105.567919509
-33.6150532694
-12.7532302704
-135.386220702
-39.2925565158
-81.0108174196
-101.204544321
-24.0270009269
-75.533067115
-120.203602933
-76.1366846085
-94.755260086
-51.525367057
-132.291608906
-66.330240849
-68.5988024618
-146.056477833
-85.3749639056
-122.244171682
-75.2850472436
-39.8732210085
-84.5872020988
-55.0152668972
-71.7386341951
-86.7637431102
-47.1922506347
-109.873751652
-78.9921953429
-301.675422282
-155.226768585
-52.4464171976
-125.402646331
-75.9917731112
-40.4017184631
-141.936934
-71.6242502239
-108.062926014
-105.700159225
-134.80944922
-94.4520601738
-30.2070643
-20.0882840756
-132.17057246
-119.83545179
-85.1642609216
-175.320427762
-68.938034377
-203.057568393
-42.2093077932
-86.5694334524
-153.28729288
-79.0419726108
-194.475012682
-152.477571432
-61.2815171156
-178.833323013
-135.415740242
-106.163043964
-109.621279334
-62.636211441
-122.841093119
-146.815757993
-52.2810718049
-34.6485683679
-121.672807714
-199.722270715
-46.4687683752
-108.441878283
-255.042572754
-146.154573498
-92.8460742517
-39.5051075531
-148.127882737
-183.541935685
-78.0299996425
-38.2267803449
-115.163475526
-76.2868096267
-34.992154796
-107.397658028
-159.454110802
-82.440570169
-92.1846663512
-38.1639929404
-111.9761874
-58.4643521768
-79.9583897845
-150.510259709
-41.6115364117
-62.0343865777
-97.6911665365
-80.3820849826
-72.7152150979
-107.933322973
-94.8309443273
-60.3009869395
-112.5765735
-245.917800083
-102.043853048
-125.014175161
-121.00898544
-151.826743627
-59.3365805536
-130.801610206
-86.9555990143
-69.4180137637
-79.9313081727
-79.5870013936
-41.3106722184
-21.942074778
-43.0291581438
-81.1262145361
-50.6645851301
-42.4135598594
-89.0004185361
-72.7785097059
-51.7620160286
-86.955077081
-54.1061515703
-83.5237732368
-63.8029342414
-118.594716332
-89.667155638
-86.8182553346
-162.195749452
-148.399570758
-150.361113455
-95.3472901866
-135.353029741
-171.809016968
-57.7108049349
-106.518553404
-47.9340720456
-117.058180102
-75.4908023534
-159.598435808
-79.9905144391
-96.1498336244
-170.737489645
-75.5065310123
-57.2907717518
-41.1613305747
-29.6003326315
-73.0508370348
-85.2348445213
-46.1479458719
-36.0561360208
-88.9491647725
-64.413924206
-73.5618335345
-53.605152181
-82.8607707004
-38.2095197083
-18.0364673265
-65.9221126281
-67.5979570933
-109.830176834
-169.721299843
-70.0497395159
-88.3251557609
-79.5866189153
-128.395027654
-18.0536969297
-94.3016794974
-50.9008937949
-49.8435872175
-126.5349396
-53.8598967178
-37.5238270554
-48.8717255716
-71.4037935585
-51.3231490719
-111.828188276
-56.1865476268
-50.4795030724
-96.0047843017
-42.095392226
-95.7919512232
-50.9736249998
-18.1823018545
-72.0865083514
-72.1095845875
-125.554366696
-71.7260406988
-21.9359141042
-91.625472448
-49.7134406134
-45.4943252519
-110.921198493
-42.0375253515
-112.601838228
-18.0455819357
-64.3238077262
-27.1935567484
-99.2689305807
-177.797733188
-93.2160714312
-24.0493387763
-52.7223757552
-67.1699586478
-87.8546702338
-114.956612594
-33.2788100863
-50.4638171599
-91.2808893858
-71.9363814839
-61.0310742199
-90.4904806467
-138.740501256
-158.471255291
-35.6878716575
-53.8515394982
-64.084749895
-29.3773351761
-62.0244261481
-63.1041295711
-40.7876647872
-61.3389956145
-67.9590815648
-39.253397974
-34.9166606483
-24.551246439
-64.2839876134
-48.5331986877
-71.5404177631
-58.8533148423
-60.5384532753
-67.2354397264
-101.127398554
-43.910396104
-89.7350684677
-81.3683847322
-69.1075459557
-61.4527465505
-117.390079258
-73.1654687526
-94.3068219867
-41.9853420295
-133.306008982
-56.9361757058
-56.1880499249
-140.039977114
-58.0446704231
-49.0775311859
-35.4275361124
-76.8984310858
-29.8240929972
-68.7431124641
-63.8163812288
-41.2785280631
-35.4848312748
-48.1202483365
-30.1520573412
-126.235145583
-77.8071501474
-45.0740724313
-45.2290245122
-138.677134835
-73.199901828
-76.3646915024
-66.2129581087
-47.4704149897
-88.9227208063
-22.9560774781
-55.4223814129
-44.4128819498
-131.647772154
-55.2372631723
-110.946041056
-49.9630748655
-95.1583913763
-23.7342377457
-143.675715891
-42.3611063778
-156.731738289
-174.020055966
-125.813263412
-127.05637253
-108.211203651
-109.882121344
-180.073308026
-106.590291895
-45.9012110202
-94.788820414
-38.9938264219
-116.413546795
-98.6723421189
-63.4192753932
-134.976875435
-37.2454513398
-187.706116341
-120.310549553
-96.7108004719
-112.546247638
-144.218376065
-148.933673733
-85.9297912531
-141.66696825
-87.6526016774
-89.7974402139
-118.571045384
-108.778518284
-122.781907663
-61.263971099
-30.1831189736
-107.936727933
-55.7968331921
-87.8808787735
-231.721617852
-106.639340707
-51.2935577223
-130.001484506
-178.888553993
-39.0169354099
-57.1704483724
-52.0668963343
-120.263375205
-102.748055151
-159.222636976
-102.579572286
-181.552311357
-80.0538613214
-79.4746604965
-104.481013153
-78.1801526995
-316.836148781
-53.6379850548
-139.960304854
-88.2845636997
-84.398244492
-115.724757263
-99.3504460863
-103.33361504
-30.9317485423
-164.689590895
-56.9768383453
-139.055054193
-162.385545188
-81.5004972085
-127.554461778
-104.83938014
-58.1830631727
-87.4440252212
-103.61434191
-79.8226696313
-129.147801442
-35.231932385
-117.077402487
-100.991214426
-134.116878781
-73.6966489056
-96.509197867
-103.870981502
-66.287041984
-47.7158781638
-47.959651338
-237.272632369
-120.097784224
-82.4177787546
-60.002991505
-117.288311814
-46.9368895992
-141.070376173
-107.289919629
-39.846210826
-93.1554644867
-124.307115398
-65.0184623831
-84.747508138
-60.9825855896
-69.4993507515
-145.504625255
-96.6810830706
-112.566821824
-22.144282143
-108.022616695
-81.5406747765
-89.4527410737
-46.9504720855
-91.7403422248
-53.5630773509
-86.8478318308
-50.74223375
-104.98389245
-111.843939583
-160.626827184
-210.458107288
-54.4743095354
-104.67321259
-56.144842931
-26.7252780566
-89.0856540228
-56.4737798795
-127.001744948
-103.657955045
-91.5551410001
-53.4276820027
-86.3196161439
-72.7162309384
-74.8006788749
-34.8110674856
-38.6142104803
-92.9463959898
-100.676638618
-88.2799954804
-33.3296890904
-31.7037845893
-42.7165364604
-142.34763815
-24.6374342249
-79.2853392433
-94.9852524841
-104.05350394
-31.4202732361
-108.165574412
-75.6979125713
-136.630464145
-105.035137135
-101.768920817
-68.5667812198
-35.348634047
-45.2612400427
-80.5491622067
-146.597813746
-73.7946222893
-136.437619201
-35.5331811961
-37.3552459356
-46.0704035486
-109.008184451
-36.3904186422
-90.4017715831
-81.8891662971
-40.0193579735
-79.795690238
-85.4693785622
-132.185444689
-134.539114244
-138.155628808
-83.6486039467
-74.6476588273
-21.6324546175
-92.0104643387
-85.6956989382
-163.551297262
-94.9812700138
-104.216947399
-116.832476802
-116.474989915
-96.0227200763
-193.716278226
-87.7492563759
-152.90697594
-80.0930604899
-46.7652402463
-96.5551070465
-70.9223747488
-55.7211624236
-54.4773133987
-177.802932636
-117.112400523
-41.6382553948
-150.693211231
-167.935008291
-80.6210965917
-70.5815996933
-54.1702928228
-60.9829446092
-46.5038397586
-46.1775858101
-64.4475557789
-96.3716266039
-84.5513000842
-31.9352464915
-46.0434124416
-44.0301732291
-90.3727685294
-123.287789399
-97.0936846707
-120.447099166
-23.286368637
-125.982593751
-109.277156847
-70.8267985885
-80.6281464419
-46.8845465282
-159.76056952
-49.3759065027
-44.1822754641
-83.3422756661
-83.4221680789
-67.6268364992
-140.532757419
-80.8880582374
-54.8665855284
-70.803243414
-72.7789525173
-71.9778833379
-83.46034628
-75.3375867873
-77.0934566073
-79.5919151823
-67.6140952176
-61.4911411734
-70.7599585369
-96.6746657881
-63.2087128902
-132.557815813
-192.117023679
-44.8815456606
-50.0578023397
-53.622292131
-110.286425966
-203.321102919
-75.120306657
-133.112080218
-71.2948229928
-94.4582685055
-144.654204149
-64.0839781544
-189.653625316
-32.0551648155
-82.6075444899
-60.3001667972
-39.7358608005
-83.8482766434
-109.937296276
-79.269816124
-50.7362273084
-66.1226415467
-118.255796826
-22.1919029939
-27.5835901663
-97.3537237138
-124.514050332
-206.484555957
-57.9416705391
-85.3407521385
-72.5518409907
-108.772044572
-130.1651205
-76.5840362196
-45.9136198337
-33.7815930971
-50.0220726368
-75.1974871615
-153.844604857
-54.628236095
-72.1587715068
-86.2640819487
-69.7383733439
-85.8793228403
-69.2704796931
-92.8564587586
-94.7613236177
-39.7007533234
-63.0619726191
-111.463035267
-28.0559926639
-64.4377466093
-105.684876752
-64.709413934
-51.1844363013
-170.331916399
-89.734473831
-35.7058193223
-53.5440297929
-94.9456715339
-77.331702009
-131.249510172
-63.685790144
-69.0508661576
-55.0006804275
-94.3106199082
-85.7256961842
-64.6216737981
-73.4263826485
-54.6257820939
-116.586048839
-148.07070561
-153.177207337
-77.4617865922
-32.6595568069
-55.1762717904
-65.3231711928
-89.2299197661
-65.9596990688
-42.9764652622
-79.8892660738
-125.661871955
-37.81048003
-124.583002565
-164.216489897
-130.921458653
-124.871892736
-85.832289517
-55.5833122129
-101.077412256
-98.3474439703
-100.4140754
-194.043144879
-79.366451533
-160.967266143
-190.127726796
-229.596789985
-136.493327847
-75.5028361497
-160.840608837
-112.820326469
-161.382614281
-128.704983429
-124.778326841
-76.2507860594
-165.785975516
-162.158414373
-127.387113154
-20.6470370053
-126.323743479
-175.04230747
-116.601064082
-55.0015110017
-66.6142315171
-108.186376439
-71.6746909964
-35.452472565
-50.1507815024
-73.2122002693
-22.7997625129
-52.1491693199
-88.0236234349
-88.5254567863
-49.0285073212
-52.4749490324
-88.7517199587
-86.8553915487
-67.0264120636
-58.9887721189
-38.9714008734
-61.0972049924
-65.7763471927
-114.766184425
-33.4760790066
-81.0753760507
-30.3793526436
-66.451290087
-34.3229797701
-70.7553646177
-60.9169636027
-57.9594173088
-63.3847802787
-73.8515244723
-64.0102789873
-75.2595632832
-43.8232572924
-31.508055159
-59.5183019502
-82.658088024
-22.2871650627
-55.0632352259
-86.4181816651
-158.670662516
-50.9015592897
-33.453563442
-62.5141246386
-141.370015193
-90.0031668501
-178.420582954
-69.4446115457
-40.3414732455
-94.9488229957
-83.7779201073
-36.9667794618
-106.683533438
-83.5668297971
-25.539490791
-41.8449187373
-139.131721205
-74.5774878503
-41.3883476854
-48.4232287033
-106.379883952
-109.436190789
-157.605488701
-71.7499416793
-126.701343051
-63.5288434736
-77.7607966822
-41.6911653857
-78.4197138383
-66.4239364577
-69.9734144628
-69.635602293
-101.679624914
-59.1495221719
-72.7919046946
-120.584791567
-31.463934562
-12.2252715369
-35.7005635996
-12.6375613569
-47.931758649
-12.6502551712
-82.430946155
-13.6225056756
-48.5915906547
-13.8935896134
-79.681801873
-44.4355743904
-87.1962492245
-122.915639734
-155.236272116
-33.2106808902
-116.062348823
-78.4415146866
-17.7591327077
-142.486186842
-88.1930308638
-55.6044429781
-124.113741984
-78.6265807894
-154.837283006
-178.51182285
-85.3429462093
-73.5896028667
-156.748684421
-89.5267293384
-126.338382954
-72.7213363315
-52.8953479283
-95.0273745274
-52.3217460343
-96.6341634534
-133.045942856
-25.0654581508
-34.1034869527
-116.604851905
-87.4862262155
-102.97485958
-94.9962754119
-70.5305493427
-118.502299595
-31.8886013441
-77.7770972174
-67.5439630315
-96.2357226017
-58.3438875223
-48.6209940461
-75.94853661
-83.1656354612
-48.1617723213
-52.801448715
-117.029557967
-98.4354277422
-57.489970798
-107.963718186
-162.515987191
-138.28650508
-123.625996975
-158.399775305
-88.1872717544
-76.8343820033
-47.3373441959
-71.0262362603
-44.4849756021
-59.7006784962
-60.9419360162
-90.9467830106
-95.2673079653
-106.349266759
-60.5615953826
-38.7762850406
-99.1410716607
-116.208126218
-81.3586954565
-145.289007144
-156.000706755
-63.8748632487
-43.5074323933
-54.276917259
-91.7734581634
-110.091349411
-75.6308730184
-130.339447355
-89.39973665
-141.656127572
-66.3387386902
-31.7997249956
-114.89390701
-50.0008196028
-119.830723193
-71.9425656839
-73.2756100431
-62.2308798642
-82.531214884
-72.6757140039
-109.62250091
-101.628891398
-117.289723321
-65.2053330888
-46.4072229046
-92.9269938056
-106.131634263
-71.8071797296
-151.286530354
-151.460832409
-65.239006535
-102.916841549
-35.7460454783
-61.2718272369
-177.32183316
-80.957174527
-83.1042819651
-120.462670702
-104.425806147
-145.662365523
-139.753426424
-118.868929324
-57.1798934943
-32.8013166078
-26.7431374692
-114.08906842
-75.5884182389
-54.272336192
-31.5163871092
-92.4333180442
-48.1297775124
-94.3261350608
-144.482862596
-73.6835958899
-57.9209812732
-81.6507317167
-97.3475839695
-51.108609262
-75.4107963472
-26.4101755369
-117.805674226
-134.917425138
-87.1714204969
-64.9283357755
-72.6938023975
-82.7633113148
-78.730960232
-84.8915676205
-102.23270819
-56.8550319036
-73.7422032813
-56.9394945453
-139.008439938
-102.626392591
-99.7430722824
-122.238422235
-128.762034325
-48.8559162796
-55.0744018957
-52.63305051
-96.7576246839
-105.249005941
-134.171504537
-77.1077383628
-173.028617504
-88.1846637854
-61.8189321182
-79.2781035685
-25.1111451031
-104.437083702
-29.6357060941
-66.7813701449
-70.8829482385
-138.541689239
-115.688056002
-80.2134788595
-71.4912344807
-24.6312067079
-138.608310948
-71.4687577224
-57.8997267054
-68.4117011557
-65.0680303796
-104.343045788
-153.103233521
-20.6957334381
-62.5638903835
-122.730133423
-57.1106499067
-40.7346804697
-45.7927192384
-131.441116644
-54.8770212233
-68.0748141249
-49.8755478951
-149.930810186
-43.4772901947
-71.0182130272
-106.757484848
-109.392231091
-93.4497910112
-85.8551931429
-148.570322686
-54.6115117153
-52.0602168999
-105.659598558
-58.8832612121
-69.6488575291
-67.8397606299
-100.547170742
-174.125234449
-223.634468718
-59.3816467864
-89.3696674991
-66.5022099193
-66.7351287373
-96.470210188
-88.2135365504
-145.467586005
-112.301460216
-54.0048119621
-100.861110884
-90.2827295853
-113.014796318
-296.69556062
-99.8561713154
-25.7800792667
-138.232862685
-222.402985269
-90.6024778254
-74.8968540077
-100.358324464
-55.6858927551
-178.834480226
-133.89630673
-196.902916759
-91.7801658325
-130.245755749
-174.987472022
-54.6888785539
-63.8732875423
-166.981386668
-136.346433219
-30.5518002956
-199.553518146
-94.8313612983
-53.834299126
-99.1346424515
-115.075527778
-62.2698847369
-59.1787261344
-58.9918035076
-152.061531606
-60.0800652353
-124.185026594
-25.9668415663
-128.253454242
-147.333379147
-150.667433048
-69.5252667203
-79.4128651987
-120.943987219
-149.969058575
-85.4030142003
-160.478853056
-72.4248303565
-26.8316583596
-103.397568673
-53.0644830033
-68.8479068301
-95.3569886354
-106.842290785
-190.030725289
-146.401469336
-150.454173699
-156.189826942
-133.380870166
-106.682984161
-233.2768742
-64.015190419
-68.4585854731
-107.121486943
-32.0119777589
-66.0757293322
-46.983174581
-162.093180766
-38.3999739855
-146.007169659
-48.702592423
-27.9895509419
-64.3151566182
-93.0551788336
-159.840963479
-143.395517485
-35.7160211327
-31.9280781367
-142.484429521
-75.6330210666
-143.895170962
-154.950512175
-174.21357821
-49.6131822182
-93.438036203
-59.5335154638
-56.1396696616
-63.0808423234
-28.4914165394
-30.1754736754
-113.758009112
-119.841820417
-140.516375233
-76.8163288946
-93.7760368538
-64.9334753617
-81.9112927272
-52.4475073997
-80.1151814821
-52.9398879393
-86.7512275067
-55.6282066284
-43.8673626771
-55.2628916964
-32.5567571799
-104.464591754
-177.993853124
-115.308675948
-30.9176950525
-108.890055994
-198.58493313
-123.65998597
-87.6186107082
-87.4372265483
-42.7631300925
-59.4696407967
-54.6879711604
-43.1218867872
-49.7794303109
-87.263289742
-101.102681099
-66.1335036944
-41.9206099729
-127.801850354
-116.175760151
-86.2753789329
-43.2691130781
-131.83400164
-71.7983802526
-68.8912873261
-70.1857908133
-28.7400059413
-74.2168602665
-87.3579671745
-20.6239721587
-77.0469965785
-35.5615679456
-63.1321969945
-59.3953319037
-26.5537091898
-52.3942372315
-84.9326833617
-92.5142362148
-73.9423877707
-72.6580506009
-20.7127699355
-40.4167585367
-20.6075632186
-75.3190109519
-111.134705065
-17.612618503
-127.151953286
-189.416690837
-99.7300031236
-191.553978687
-55.2207350437
-14.9004677901
-62.9851496767
-23.6241981974
-37.5963078462
-136.748359927
-95.9320275014
-71.6336601165
-29.3487052363
-80.0342528732
-89.6395729465
-30.9421334048
-14.6757503528
-21.5474161645
-19.9837674532
-20.5978921087
-141.660561013
-48.7194674314
-78.6652046868
-93.2590727257
-49.7096512048
-44.8552933939
-81.7697523629
-104.059511544
-25.6723247845
-45.5444516701
-33.34996388
-60.9162421913
-93.3241642028
-34.0287974358
-35.2047068158
-92.2435330819
-110.015174586
-106.510286614
-174.807110594
-243.491728277
-95.001286076
-91.1458955394
-86.1739998902
-108.888047643
-34.8035719796
-231.638278667
-88.3123291908
-149.773313161
-63.0995056878
-57.2972123601
-89.6364436935
-129.710560478
-30.2919974929
-31.2483940738
-63.5382184903
-131.276182792
-54.0854740445
-47.9404440835
-54.0763536236
-145.997164316
-43.5895750607
-80.7720629652
-78.5025249911
-73.3339359133
-161.056364598
-118.289174429
-51.8899247212
-33.7076352049
-75.7378751688
-80.6440139995
-98.6454555924
-40.7652255698
-96.5573251714
-67.5347716001
-61.4596685178
-115.838081566
-53.8597061156
-16.6869417077
-143.149232615
-67.916343212
-143.202185195
-145.551841043
-33.7230556076
-29.7469523181
-25.0094597785
-123.742248026
-45.8373269642
-69.2726714031
-223.55561483
-34.4650858131
-25.0256552338
-19.3233430363
-20.0491320001
-63.4323823001
-104.116158296
-33.4356058435
-163.947532339
-54.4322423381
-31.3404329017
-22.683211705
-136.144653145
-117.693236527
-45.1557996738
-74.504200066
-172.498638119
-124.936016299
-94.6277568767
-64.3909042781
-89.1626693524
-21.2073614261
-14.4855099174
-94.085336264
-33.780787292
-41.4294741191
-22.9932182425
-76.3212666531
-38.0566787475
-28.773978329
-46.9004662277
-108.503587136
-52.4868472628
-87.1754195767
-33.0279734416
-50.8734769119
-72.6397442499
-91.0628106749
-70.7818803892
-48.0386543482
-38.3858259854
-79.1248211746
-70.431599855
-112.375004203
-72.8434823626
-62.2581936807
-150.475071285
-42.4489067896
-90.3259351992
-64.516706481
-103.063703316
-58.5758178926
-45.0050190261
-42.9390785082
-109.451706234
-64.365281223
-61.4727032632
-62.022859778
-119.196555811
-76.3729916833
-74.5530147655
-95.5825114687
-98.0463173526
-33.348464456
-34.2804022552
-54.2793378543
-47.9993553643
-52.6018924611
-72.6178110193
-46.0064223669
-97.5062340945
-92.2027491772
-109.772829293
-108.457775703
-41.6114374598
-234.932626782
-78.1463633339
-64.7935946986
-46.9831030742
-37.7755736802
-57.4050600413
-104.174605714
-72.1070371496
-66.8576939049
-78.6112366568
-87.0533462118
-121.005377941
-26.3954491733
-94.6180193462
-66.6101043437
-51.5887108778
-86.462052989
-121.356591865
-70.9822294879
-71.3491275354
-72.2439835228
-95.8233279257
-97.1068165854
-111.981389977
-74.6038176684
-152.774244299
-113.146815288
